10 -180 0.1610
15 -180 0.1657
20 -180 0.1766
25 -180 0.1906
30 -180 0.2039
35 -180 0.2203
40 -180 0.2033
45 -180 0.1942
50 -180 0.1972
55 -180 0.2170
60 -180 0.2219
65 -180 0.2051
70 -180 0.1774
75 -180 0.1057
80 -180 0.0856
85 -180 0.0724
90 -180 0.0634
95 -180 0.0039
100 -180 0.0032
105 -180 0.1031
110 -180 0.2023
115 -180 0.2866
120 -180 0.3103
125 -180 0.3309
130 -180 0.3329
135 -180 0.2893
140 -180 0.1777
145 -180 0.2282
150 -180 0.2054
155 -180 0.1731
160 -180 0.1055
165 -180 0.0518
170 -180 0.0481
10 -175 0.1553
15 -175 0.1667
20 -175 0.1840
25 -175 0.1944
30 -175 0.2164
35 -175 0.2302
40 -175 0.2474
45 -175 0.2319
50 -175 0.2485
55 -175 0.2694
60 -175 0.3125
65 -175 0.3155
70 -175 0.2091
75 -175 0.1316
80 -175 0.1250
85 -175 0.1342
90 -175 0.0049
95 -175 0.0005
100 -175 0.1200
105 -175 0.1604
110 -175 0.2156
115 -175 0.2611
120 -175 0.3006
125 -175 0.3035
130 -175 0.3107
135 -175 0.2716
140 -175 0.1925
145 -175 0.2299
150 -175 0.2027
155 -175 0.1732
160 -175 0.1071
165 -175 0.0443
170 -175 0.0271
10 -170 0.1467
15 -170 0.1552
20 -170 0.1758
25 -170 0.2007
30 -170 0.2212
35 -170 0.2455
40 -170 0.2591
45 -170 0.2483
50 -170 0.3103
55 -170 0.3195
60 -170 0.2762
65 -170 0.2281
70 -170 0.2007
75 -170 0.1350
80 -170 0.0687
85 -170 0.0151
90 -170 0.2206
95 -170 0.1430
100 -170 0.1682
105 -170 0.2229
110 -170 0.2655
115 -170 0.2889
120 -170 0.2866
125 -170 0.2728
130 -170 0.2764
135 -170 0.1830
140 -170 0.2089
145 -170 0.2336
150 -170 0.1966
155 -170 0.1570
160 -170 0.0935
165 -170 0.0399
170 -170 0.0085
10 -165 0.1307
15 -165 0.1385
20 -165 0.1586
25 -165 0.2044
30 -165 0.2187
35 -165 0.2476
40 -165 0.2585
45 -165 0.2682
50 -165 0.2593
55 -165 0.2755
60 -165 0.2327
65 -165 0.2509
70 -165 0.3011
75 -165 0.2976
80 -165 0.2674
85 -165 0.3041
90 -165 0.2951
95 -165 0.3068
100 -165 0.2530
105 -165 0.2047
110 -165 0.2817
115 -165 0.2977
120 -165 0.2876
125 -165 0.2534
130 -165 0.1834
135 -165 0.1576
140 -165 0.2066
145 -165 0.1971
150 -165 0.1705
155 -165 0.1293
160 -165 0.0783
165 -165 0.0402
170 -165 0.0033
10 -160 0.1070
15 -160 0.1096
20 -160 0.1019
25 -160 0.1689
30 -160 0.2066
35 -160 0.2309
40 -160 0.2554
45 -160 0.2704
50 -160 0.2698
55 -160 0.2692
60 -160 0.2651
65 -160 0.2546
70 -160 0.2573
75 -160 0.1851
80 -160 0.2132
85 -160 0.2980
90 -160 0.3361
95 -160 0.3089
100 -160 0.3055
105 -160 0.2972
110 -160 0.2354
115 -160 0.2893
120 -160 0.2786
125 -160 0.1854
130 -160 0.1436
135 -160 0.1710
140 -160 0.2034
145 -160 0.1860
150 -160 0.1504
155 -160 0.1166
160 -160 0.0708
165 -160 0.0354
170 -160 0.0075
10 -155 0.0719
15 -155 0.1308
20 -155 0.1224
25 -155 0.1687
30 -155 0.1338
35 -155 0.1733
40 -155 0.2281
45 -155 0.2378
50 -155 0.2561
55 -155 0.2455
60 -155 0.1880
65 -155 0.2078
70 -155 0.2300
75 -155 0.2387
80 -155 0.3006
85 -155 0.3215
90 -155 0.3044
95 -155 0.3054
100 -155 0.2496
105 -155 0.2562
110 -155 0.2502
115 -155 0.2855
120 -155 0.2413
125 -155 0.1668
130 -155 0.1934
135 -155 0.1947
140 -155 0.1749
145 -155 0.1555
150 -155 0.1321
155 -155 0.1010
160 -155 0.0656
165 -155 0.0325
170 -155 0.0070
10 -150 0.0918
15 -150 0.1394
20 -150 0.1503
25 -150 0.1704
30 -150 0.1804
35 -150 0.1909
40 -150 0.2201
45 -150 0.2199
50 -150 0.1855
55 -150 0.1480
60 -150 0.2200
65 -150 0.3149
70 -150 0.3090
75 -150 0.2994
80 -150 0.2984
85 -150 0.3075
90 -150 0.3221
95 -150 0.2990
100 -150 0.2863
105 -150 0.2084
110 -150 0.2141
115 -150 0.1731
120 -150 0.1619
125 -150 0.1779
130 -150 0.1740
135 -150 0.1543
140 -150 0.1421
145 -150 0.1285
150 -150 0.1127
155 -150 0.0882
160 -150 0.0599
165 -150 0.0299
170 -150 0.0050
10 -145 0.0972
15 -145 0.1242
20 -145 0.2057
25 -145 0.1598
30 -145 0.1865
35 -145 0.2120
40 -145 0.2442
45 -145 0.2229
50 -145 0.1482
55 -145 0.2516
60 -145 0.3798
65 -145 0.3539
70 -145 0.3402
75 -145 0.2837
80 -145 0.2837
85 -145 0.2838
90 -145 0.2288
95 -145 0.1966
100 -145 0.1402
105 -145 0.1185
110 -145 0.1235
115 -145 0.0678
120 -145 0.0756
125 -145 0.1228
130 -145 0.1269
135 -145 0.1168
140 -145 0.1123
145 -145 0.1056
150 -145 0.0916
155 -145 0.0763
160 -145 0.0483
165 -145 0.0151
170 -145 0.0060
10 -140 0.1179
15 -140 0.1160
20 -140 0.1690
25 -140 0.2179
30 -140 0.1954
35 -140 0.2222
40 -140 0.2455
45 -140 0.1877
50 -140 0.2540
55 -140 0.3297
60 -140 0.2548
65 -140 0.2376
70 -140 0.2851
75 -140 0.2941
80 -140 0.2342
85 -140 0.1906
90 -140 0.1763
95 -140 0.1292
100 -140 0.0789
105 -140 0.0353
110 -140 0.0074
115 -140 0.0074
120 -140 0.0091
125 -140 0.0337
130 -140 0.0817
135 -140 0.0940
140 -140 0.0931
145 -140 0.0883
150 -140 0.0770
155 -140 0.0544
160 -140 0.0124
165 -140 0.0046
170 -140 0.0064
10 -135 0.1425
15 -135 0.1040
20 -135 0.1383
25 -135 0.2290
30 -135 0.2164
35 -135 0.2395
40 -135 0.2329
45 -135 0.2191
50 -135 0.2490
55 -135 0.3066
60 -135 0.2839
65 -135 0.2649
70 -135 0.1930
75 -135 0.2664
80 -135 0.1523
85 -135 0.0862
90 -135 0.0470
95 -135 0.0364
100 -135 0.0459
105 -135 0.0186
110 -135 0.0139
115 -135 0.0011
120 -135 0.0032
125 -135 0.0085
130 -135 0.0249
135 -135 0.0581
140 -135 0.0595
145 -135 0.0556
150 -135 0.0437
155 -135 0.0085
160 -135 0.0033
165 -135 0.0074
170 -135 0.0024
10 -130 0.1606
15 -130 0.1158
20 -130 0.1178
25 -130 0.1618
30 -130 0.1967
35 -130 0.1947
40 -130 0.2382
45 -130 0.2062
50 -130 0.2194
55 -130 0.2791
60 -130 0.2611
65 -130 0.1720
70 -130 0.1298
75 -130 0.1973
80 -130 0.0302
85 -130 0.0202
90 -130 0.0189
95 -130 0.0423
100 -130 0.0419
105 -130 0.0213
110 -130 0.0066
115 -130 0.0018
120 -130 0.0025
125 -130 0.0107
130 -130 0.0098
135 -130 0.0140
140 -130 0.0650
145 -130 0.0659
150 -130 0.0520
155 -130 0.0153
160 -130 0.0033
165 -130 0.0023
170 -130 0.0014
10 -125 0.1757
15 -125 0.1277
20 -125 0.1171
25 -125 0.1230
30 -125 0.1355
35 -125 0.1615
40 -125 0.1725
45 -125 0.1741
50 -125 0.1967
55 -125 0.2327
60 -125 0.2302
65 -125 0.1746
70 -125 0.1585
75 -125 0.0604
80 -125 0.0049
85 -125 0.0034
90 -125 0.0063
95 -125 0.0089
100 -125 0.0062
105 -125 0.0133
110 -125 0.0045
115 -125 0.0009
120 -125 0.0060
125 -125 0.0065
130 -125 0.0190
135 -125 0.0135
140 -125 0.0547
145 -125 0.0548
150 -125 0.0364
155 -125 0.0147
160 -125 0.0070
165 -125 0.0065
170 -125 0.0072
10 -120 0.1885
15 -120 0.1385
20 -120 0.1216
25 -120 0.1235
30 -120 0.1392
35 -120 0.1328
40 -120 0.1548
45 -120 0.1616
50 -120 0.2156
55 -120 0.2204
60 -120 0.1938
65 -120 0.1489
70 -120 0.1341
75 -120 0.1003
80 -120 0.0664
85 -120 0.0294
90 -120 0.0127
95 -120 0.0141
100 -120 0.0091
105 -120 0.0068
110 -120 0.0088
115 -120 0.0023
120 -120 0.0047
125 -120 0.0083
130 -120 0.0142
135 -120 0.0190
140 -120 0.0248
145 -120 0.0375
150 -120 0.0211
155 -120 0.0037
160 -120 0.0081
165 -120 0.0066
170 -120 0.0087
10 -115 0.1975
15 -115 0.1464
20 -115 0.1181
25 -115 0.1235
30 -115 0.1277
35 -115 0.1360
40 -115 0.1369
45 -115 0.1719
50 -115 0.2075
55 -115 0.1931
60 -115 0.1540
65 -115 0.1144
70 -115 0.0910
75 -115 0.0797
80 -115 0.0765
85 -115 0.0696
90 -115 0.0805
95 -115 0.0668
100 -115 0.0498
105 -115 0.0600
110 -115 0.0543
115 -115 0.0439
120 -115 0.0353
125 -115 0.0319
130 -115 0.0279
135 -115 0.0241
140 -115 0.0149
145 -115 0.0303
150 -115 0.0103
155 -115 0.0047
160 -115 0.0046
165 -115 0.0048
170 -115 0.0065
10 -110 0.1879
15 -110 0.1436
20 -110 0.1209
25 -110 0.1307
30 -110 0.1349
35 -110 0.1421
40 -110 0.1106
45 -110 0.1753
50 -110 0.2043
55 -110 0.1754
60 -110 0.1375
65 -110 0.0922
70 -110 0.0604
75 -110 0.0793
80 -110 0.1126
85 -110 0.1183
90 -110 0.0994
95 -110 0.1070
100 -110 0.0846
105 -110 0.0666
110 -110 0.0967
115 -110 0.1108
120 -110 0.0954
125 -110 0.0595
130 -110 0.0436
135 -110 0.0310
140 -110 0.0163
145 -110 0.0034
150 -110 0.0086
155 -110 0.0020
160 -110 0.0034
165 -110 0.0078
170 -110 0.0105
10 -105 0.1998
15 -105 0.1780
20 -105 0.1604
25 -105 0.1463
30 -105 0.1421
35 -105 0.1392
40 -105 0.0963
45 -105 0.1789
50 -105 0.1992
55 -105 0.1727
60 -105 0.1425
65 -105 0.1014
70 -105 0.0831
75 -105 0.0614
80 -105 0.0687
85 -105 0.0139
90 -105 0.0437
95 -105 0.0757
100 -105 0.1311
105 -105 0.1326
110 -105 0.1097
115 -105 0.0995
120 -105 0.1137
125 -105 0.1178
130 -105 0.1028
135 -105 0.0699
140 -105 0.0421
145 -105 0.0077
150 -105 0.0071
155 -105 0.0059
160 -105 0.0126
165 -105 0.0259
170 -105 0.0272
10 -100 0.2188
15 -100 0.2087
20 -100 0.1998
25 -100 0.1641
30 -100 0.1395
35 -100 0.1021
40 -100 0.1507
45 -100 0.1888
50 -100 0.2026
55 -100 0.1839
60 -100 0.1543
65 -100 0.1267
70 -100 0.0420
75 -100 0.0020
80 -100 0.0066
85 -100 0.0467
90 -100 0.0627
95 -100 0.0186
100 -100 0.0510
105 -100 0.1540
110 -100 0.1667
115 -100 0.1572
120 -100 0.1648
125 -100 0.1587
130 -100 0.1233
135 -100 0.0991
140 -100 0.0587
145 -100 0.0076
150 -100 0.0059
155 -100 0.0145
160 -100 0.0315
165 -100 0.0360
170 -100 0.0310
10 -95 0.2142
15 -95 0.2131
20 -95 0.2007
25 -95 0.1621
30 -95 0.0995
35 -95 0.0606
40 -95 0.1737
45 -95 0.2147
50 -95 0.2212
55 -95 0.2223
60 -95 0.2035
65 -95 0.2019
70 -95 0.2209
75 -95 0.0879
80 -95 0.0948
85 -95 0.0744
90 -95 0.0471
95 -95 0.0112
100 -95 0.0236
105 -95 0.1165
110 -95 0.1768
115 -95 0.1536
120 -95 0.2016
125 -95 0.2127
130 -95 0.1895
135 -95 0.1477
140 -95 0.0959
145 -95 0.0355
150 -95 0.0095
155 -95 0.0240
160 -95 0.0346
165 -95 0.0349
170 -95 0.0284
10 -90 0.1583
15 -90 0.1726
20 -90 0.1611
25 -90 0.1060
30 -90 0.0230
35 -90 0.0785
40 -90 0.1764
45 -90 0.2126
50 -90 0.2316
55 -90 0.2378
60 -90 0.2284
65 -90 0.2456
70 -90 0.2627
75 -90 0.2515
80 -90 0.1444
85 -90 0.1555
90 -90 0.1267
95 -90 0.0848
100 -90 0.0797
105 -90 0.1310
110 -90 0.1753
115 -90 0.1547
120 -90 0.1810
125 -90 0.2028
130 -90 0.2154
135 -90 0.1802
140 -90 0.1272
145 -90 0.0586
150 -90 0.0155
155 -90 0.0184
160 -90 0.0330
165 -90 0.0355
170 -90 0.0251
10 -85 0.0677
15 -85 0.0397
20 -85 0.0263
25 -85 0.0130
30 -85 0.0170
35 -85 0.0885
40 -85 0.1535
45 -85 0.1972
50 -85 0.2179
55 -85 0.2349
60 -85 0.2492
65 -85 0.3092
70 -85 0.3077
75 -85 0.2967
80 -85 0.1836
85 -85 0.2195
90 -85 0.1993
95 -85 0.1581
100 -85 0.1297
105 -85 0.1429
110 -85 0.1966
115 -85 0.1566
120 -85 0.2077
125 -85 0.2108
130 -85 0.2134
135 -85 0.1826
140 -85 0.1312
145 -85 0.0702
150 -85 0.0237
155 -85 0.0149
160 -85 0.0312
165 -85 0.0349
170 -85 0.0238
10 -80 0.1333
15 -80 0.0381
20 -80 0.0106
25 -80 0.0228
30 -80 0.0946
35 -80 0.1449
40 -80 0.1820
45 -80 0.2082
50 -80 0.2264
55 -80 0.2580
60 -80 0.2797
65 -80 0.3191
70 -80 0.3478
75 -80 0.3361
80 -80 0.2775
85 -80 0.2308
90 -80 0.2006
95 -80 0.1621
100 -80 0.1649
105 -80 0.1016
110 -80 0.1713
115 -80 0.1695
120 -80 0.2278
125 -80 0.2413
130 -80 0.2009
135 -80 0.1805
140 -80 0.1332
145 -80 0.0742
150 -80 0.0306
155 -80 0.0128
160 -80 0.0292
165 -80 0.0320
170 -80 0.0218
10 -75 0.1717
15 -75 0.1205
20 -75 0.1245
25 -75 0.1504
30 -75 0.1765
35 -75 0.1764
40 -75 0.2021
45 -75 0.2212
50 -75 0.2368
55 -75 0.2633
60 -75 0.2614
65 -75 0.3276
70 -75 0.3489
75 -75 0.3332
80 -75 0.2667
85 -75 0.1824
90 -75 0.2019
95 -75 0.1977
100 -75 0.2232
105 -75 0.2635
110 -75 0.2160
115 -75 0.1521
120 -75 0.2023
125 -75 0.2460
130 -75 0.2252
135 -75 0.1720
140 -75 0.1302
145 -75 0.0747
150 -75 0.0361
155 -75 0.0117
160 -75 0.0265
165 -75 0.0277
170 -75 0.0169
10 -70 0.1813
15 -70 0.1588
20 -70 0.1653
25 -70 0.1880
30 -70 0.2153
35 -70 0.2190
40 -70 0.2254
45 -70 0.2249
50 -70 0.2362
55 -70 0.2492
60 -70 0.2481
65 -70 0.2868
70 -70 0.3013
75 -70 0.2653
80 -70 0.2275
85 -70 0.1209
90 -70 0.2013
95 -70 0.1975
100 -70 0.2139
105 -70 0.2881
110 -70 0.2795
115 -70 0.3108
120 -70 0.2543
125 -70 0.2228
130 -70 0.2241
135 -70 0.1571
140 -70 0.1197
145 -70 0.0716
150 -70 0.0387
155 -70 0.0114
160 -70 0.0218
165 -70 0.0211
170 -70 0.0151
10 -65 0.2094
15 -65 0.1866
20 -65 0.1904
25 -65 0.2083
30 -65 0.2161
35 -65 0.2042
40 -65 0.2238
45 -65 0.2176
50 -65 0.2291
55 -65 0.2403
60 -65 0.2657
65 -65 0.2702
70 -65 0.2528
75 -65 0.2230
80 -65 0.1780
85 -65 0.1238
90 -65 0.1441
95 -65 0.1571
100 -65 0.1482
105 -65 0.2135
110 -65 0.2931
115 -65 0.2515
120 -65 0.3095
125 -65 0.2415
130 -65 0.2095
135 -65 0.1446
140 -65 0.1023
145 -65 0.0580
150 -65 0.0389
155 -65 0.0105
160 -65 0.0177
165 -65 0.0142
170 -65 0.0087
10 -60 0.2366
15 -60 0.2258
20 -60 0.2285
25 -60 0.2089
30 -60 0.1734
35 -60 0.1560
40 -60 0.1893
45 -60 0.2135
50 -60 0.2299
55 -60 0.2277
60 -60 0.2003
65 -60 0.2016
70 -60 0.1783
75 -60 0.1574
80 -60 0.1255
85 -60 0.0763
90 -60 0.0731
95 -60 0.1202
100 -60 0.1397
105 -60 0.1690
110 -60 0.2056
115 -60 0.2117
120 -60 0.1955
125 -60 0.1640
130 -60 0.1652
135 -60 0.1361
140 -60 0.0811
145 -60 0.0575
150 -60 0.0202
155 -60 0.0108
160 -60 0.0116
165 -60 0.0085
170 -60 0.0068
10 -55 0.2309
15 -55 0.2620
20 -55 0.2171
25 -55 0.1686
30 -55 0.1129
35 -55 0.1338
40 -55 0.1750
45 -55 0.2033
50 -55 0.2176
55 -55 0.2161
60 -55 0.1859
65 -55 0.1216
70 -55 0.0166
75 -55 0.0059
80 -55 0.0024
85 -55 0.0071
90 -55 0.0054
95 -55 0.0173
100 -55 0.1284
105 -55 0.1589
110 -55 0.1815
115 -55 0.1816
120 -55 0.1695
125 -55 0.0798
130 -55 0.1421
135 -55 0.1321
140 -55 0.0800
145 -55 0.0750
150 -55 0.0088
155 -55 0.0514
160 -55 0.0064
165 -55 0.0051
170 -55 0.0056
10 -50 0.2330
15 -50 0.2453
20 -50 0.2179
25 -50 0.1568
30 -50 0.1344
35 -50 0.1106
40 -50 0.1535
45 -50 0.2211
50 -50 0.2320
55 -50 0.2158
60 -50 0.1530
65 -50 0.0091
70 -50 0.0162
75 -50 0.0286
80 -50 0.0383
85 -50 0.0545
90 -50 0.0505
95 -50 0.0650
100 -50 0.1305
105 -50 0.1559
110 -50 0.1648
115 -50 0.1724
120 -50 0.1660
125 -50 0.0811
130 -50 0.0650
135 -50 0.1242
140 -50 0.1144
145 -50 0.0739
150 -50 0.0275
155 -50 0.0218
160 -50 0.0215
165 -50 0.0112
170 -50 0.0073
10 -45 0.2305
15 -45 0.2916
20 -45 0.2648
25 -45 0.2470
30 -45 0.1777
35 -45 0.0975
40 -45 0.1913
45 -45 0.2303
50 -45 0.2206
55 -45 0.2378
60 -45 0.2207
65 -45 0.1595
70 -45 0.0589
75 -45 0.0661
80 -45 0.0818
85 -45 0.1034
90 -45 0.1233
95 -45 0.0877
100 -45 0.1171
105 -45 0.1490
110 -45 0.1522
115 -45 0.1480
120 -45 0.1525
125 -45 0.1430
130 -45 0.0775
135 -45 0.1235
140 -45 0.1489
145 -45 0.1112
150 -45 0.0482
155 -45 0.0078
160 -45 0.0249
165 -45 0.0152
170 -45 0.0166
10 -40 0.1853
15 -40 0.2501
20 -40 0.2246
25 -40 0.1770
30 -40 0.1309
35 -40 0.1329
40 -40 0.1919
45 -40 0.1731
50 -40 0.2415
55 -40 0.2591
60 -40 0.2695
65 -40 0.2590
70 -40 0.2169
75 -40 0.1669
80 -40 0.1496
85 -40 0.1288
90 -40 0.0783
95 -40 0.0979
100 -40 0.1457
105 -40 0.1699
110 -40 0.1713
115 -40 0.1489
120 -40 0.1401
125 -40 0.1358
130 -40 0.0671
135 -40 0.0633
140 -40 0.1457
145 -40 0.1423
150 -40 0.0697
155 -40 0.0071
160 -40 0.0157
165 -40 0.0179
170 -40 0.0215
10 -35 0.1154
15 -35 0.2311
20 -35 0.2415
25 -35 0.2003
30 -35 0.1507
35 -35 0.1283
40 -35 0.0882
45 -35 0.1021
50 -35 0.2108
55 -35 0.2194
60 -35 0.2201
65 -35 0.2208
70 -35 0.2214
75 -35 0.2435
80 -35 0.2490
85 -35 0.2211
90 -35 0.1931
95 -35 0.1935
100 -35 0.2043
105 -35 0.2001
110 -35 0.2027
115 -35 0.1598
120 -35 0.1468
125 -35 0.1188
130 -35 0.0573
135 -35 0.0548
140 -35 0.1022
145 -35 0.1302
150 -35 0.0856
155 -35 0.0093
160 -35 0.0087
165 -35 0.0192
170 -35 0.0410
10 -30 0.2126
15 -30 0.2463
20 -30 0.2290
25 -30 0.1924
30 -30 0.1410
35 -30 0.0793
40 -30 0.0055
45 -30 0.0382
50 -30 0.1773
55 -30 0.1954
60 -30 0.1977
65 -30 0.1948
70 -30 0.2004
75 -30 0.2187
80 -30 0.2295
85 -30 0.2647
90 -30 0.2644
95 -30 0.1677
100 -30 0.2270
105 -30 0.2480
110 -30 0.2276
115 -30 0.1845
120 -30 0.1471
125 -30 0.1032
130 -30 0.0544
135 -30 0.0476
140 -30 0.1011
145 -30 0.1215
150 -30 0.0504
155 -30 0.0137
160 -30 0.0076
165 -30 0.0388
170 -30 0.0619
10 -25 0.2153
15 -25 0.2089
20 -25 0.1920
25 -25 0.1661
30 -25 0.1097
35 -25 0.0302
40 -25 0.0051
45 -25 0.0095
50 -25 0.0778
55 -25 0.1648
60 -25 0.1744
65 -25 0.1737
70 -25 0.1576
75 -25 0.1720
80 -25 0.1797
85 -25 0.1635
90 -25 0.1266
95 -25 0.2249
100 -25 0.2767
105 -25 0.2419
110 -25 0.2300
115 -25 0.2021
120 -25 0.1286
125 -25 0.0805
130 -25 0.0379
135 -25 0.0337
140 -25 0.0829
145 -25 0.0645
150 -25 0.0096
155 -25 0.0086
160 -25 0.0196
165 -25 0.0700
170 -25 0.0751
10 -20 0.1910
15 -20 0.1855
20 -20 0.1619
25 -20 0.1316
30 -20 0.0846
35 -20 0.0243
40 -20 0.0061
45 -20 0.0052
50 -20 0.0267
55 -20 0.0375
60 -20 0.1565
65 -20 0.1617
70 -20 0.1423
75 -20 0.1037
80 -20 0.1208
85 -20 0.1477
90 -20 0.1641
95 -20 0.1950
100 -20 0.2250
105 -20 0.2344
110 -20 0.1531
115 -20 0.1958
120 -20 0.1613
125 -20 0.0996
130 -20 0.0236
135 -20 0.0496
140 -20 0.0416
145 -20 0.0104
150 -20 0.0063
155 -20 0.0450
160 -20 0.0623
165 -20 0.0836
170 -20 0.0797
10 -15 0.1692
15 -15 0.1584
20 -15 0.1333
25 -15 0.0549
30 -15 0.0291
35 -15 0.0231
40 -15 0.0031
45 -15 0.0165
50 -15 0.0211
55 -15 0.0102
60 -15 0.1353
65 -15 0.1289
70 -15 0.0982
75 -15 0.1390
80 -15 0.1525
85 -15 0.1237
90 -15 0.1119
95 -15 0.1660
100 -15 0.2011
105 -15 0.2171
110 -15 0.2288
115 -15 0.1970
120 -15 0.1500
125 -15 0.1220
130 -15 0.0921
135 -15 0.0822
140 -15 0.0317
145 -15 0.0174
150 -15 0.0591
155 -15 0.0828
160 -15 0.0780
165 -15 0.0756
170 -15 0.0790
10 -10 0.1523
15 -10 0.0845
20 -10 0.1028
25 -10 0.0854
30 -10 0.0493
35 -10 0.0162
40 -10 0.0102
45 -10 0.0059
50 -10 0.0325
55 -10 0.0098
60 -10 0.0932
65 -10 0.0885
70 -10 0.1345
75 -10 0.1459
80 -10 0.1090
85 -10 0.1851
90 -10 0.2005
95 -10 0.2034
100 -10 0.1979
105 -10 0.1775
110 -10 0.1712
115 -10 0.1806
120 -10 0.1374
125 -10 0.1084
130 -10 0.0793
135 -10 0.0591
140 -10 0.0275
145 -10 0.0153
150 -10 0.1427
155 -10 0.0704
160 -10 0.0790
165 -10 0.0692
170 -10 0.0599
10 -5 0.0872
15 -5 0.1203
20 -5 0.1070
25 -5 0.0927
30 -5 0.0647
35 -5 0.0066
40 -5 0.0486
45 -5 0.0717
50 -5 0.0809
55 -5 0.0362
60 -5 0.0908
65 -5 0.1106
70 -5 0.1145
75 -5 0.1803
80 -5 0.2178
85 -5 0.2284
90 -5 0.2108
95 -5 0.1950
100 -5 0.1865
105 -5 0.1688
110 -5 0.1638
115 -5 0.1459
120 -5 0.1127
125 -5 0.1324
130 -5 0.0714
135 -5 0.0813
140 -5 0.0416
145 -5 0.0599
150 -5 0.1400
155 -5 0.1081
160 -5 0.0714
165 -5 0.0779
170 -5 0.0780
10 0 0.1282
15 0 0.1210
20 0 0.1100
25 0 0.0936
30 0 0.0737
35 0 0.0434
40 0 0.0573
45 0 0.1001
50 0 0.1195
55 0 0.1246
60 0 0.1197
65 0 0.1273
70 0 0.1579
75 0 0.1888
80 0 0.2046
85 0 0.2272
90 0 0.2326
95 0 0.2358
100 0 0.2223
105 0 0.1919
110 0 0.1672
115 0 0.1255
120 0 0.1322
125 0 0.0929
130 0 0.0639
135 0 0.0636
140 0 0.0146
145 0 0.1187
150 0 0.1428
155 0 0.1255
160 0 0.0920
165 0 0.0871
170 0 0.0802
10 5 0.1294
15 5 0.1180
20 5 0.0979
25 5 0.0811
30 5 0.0701
35 5 0.0599
40 5 0.0418
45 5 0.0900
50 5 0.1256
55 5 0.1294
60 5 0.1310
65 5 0.1270
70 5 0.1311
75 5 0.1529
80 5 0.1974
85 5 0.2446
90 5 0.2484
95 5 0.2600
100 5 0.2228
105 5 0.1913
110 5 0.1579
115 5 0.1398
120 5 0.1217
125 5 0.0531
130 5 0.0429
135 5 0.0048
140 5 0.0176
145 5 0.1372
150 5 0.1486
155 5 0.1399
160 5 0.1100
165 5 0.0947
170 5 0.0816
10 10 0.1221
15 10 0.1015
20 10 0.0627
25 10 0.0706
30 10 0.0474
35 10 0.0608
40 10 0.0556
45 10 0.0518
50 10 0.1049
55 10 0.1161
60 10 0.1104
65 10 0.0886
70 10 0.0440
75 10 0.0283
80 10 0.0820
85 10 0.1295
90 10 0.1800
95 10 0.1740
100 10 0.1735
105 10 0.1586
110 10 0.1834
115 10 0.1467
120 10 0.0237
125 10 0.0184
130 10 0.0019
135 10 0.0137
140 10 0.1188
145 10 0.1500
150 10 0.1553
155 10 0.1498
160 10 0.1226
165 10 0.1091
170 10 0.0851
10 15 0.1051
15 15 0.0815
20 15 0.1092
25 15 0.1099
30 15 0.0976
35 15 0.0389
40 15 0.0613
45 15 0.0503
50 15 0.0447
55 15 0.0580
60 15 0.0489
65 15 0.0466
70 15 0.0120
75 15 0.0032
80 15 0.0094
85 15 0.1004
90 15 0.1736
95 15 0.2280
100 15 0.2054
105 15 0.1747
110 15 0.1589
115 15 0.1546
120 15 0.0028
125 15 0.0110
130 15 0.0747
135 15 0.0575
140 15 0.1476
145 15 0.1541
150 15 0.1675
155 15 0.1626
160 15 0.1396
165 15 0.1207
170 15 0.0906
10 20 0.0704
15 20 0.1269
20 20 0.1352
25 20 0.1226
30 20 0.1053
35 20 0.0643
40 20 0.0464
45 20 0.0436
50 20 0.0506
55 20 0.0668
60 20 0.0737
65 20 0.0754
70 20 0.0173
75 20 0.0094
80 20 0.0044
85 20 0.0045
90 20 0.0064
95 20 0.1022
100 20 0.1978
105 20 0.1799
110 20 0.1633
115 20 0.0861
120 20 0.0906
125 20 0.1215
130 20 0.1284
135 20 0.1208
140 20 0.1519
145 20 0.1659
150 20 0.1863
155 20 0.1695
160 20 0.1507
165 20 0.1258
170 20 0.0956
10 25 0.1066
15 25 0.1529
20 25 0.1521
25 25 0.1308
30 25 0.1090
35 25 0.0755
40 25 0.0295
45 25 0.0176
50 25 0.0234
55 25 0.0405
60 25 0.0531
65 25 0.0123
70 25 0.0806
75 25 0.0795
80 25 0.0459
85 25 0.0849
90 25 0.1082
95 25 0.1205
100 25 0.1430
105 25 0.1736
110 25 0.1799
115 25 0.1629
120 25 0.1823
125 25 0.1511
130 25 0.1444
135 25 0.1409
140 25 0.1553
145 25 0.1731
150 25 0.1876
155 25 0.1786
160 25 0.1585
165 25 0.1281
170 25 0.1003
10 30 0.1386
15 30 0.1729
20 30 0.1675
25 30 0.1431
30 30 0.1065
35 30 0.0671
40 30 0.0419
45 30 0.0040
50 30 0.0049
55 30 0.0112
60 30 0.0515
65 30 0.0391
70 30 0.0684
75 30 0.1044
80 30 0.0936
85 30 0.0705
90 30 0.0882
95 30 0.1243
100 30 0.1657
105 30 0.1969
110 30 0.1903
115 30 0.2076
120 30 0.1886
125 30 0.1521
130 30 0.2447
135 30 0.2349
140 30 0.2080
145 30 0.1778
150 30 0.1818
155 30 0.1886
160 30 0.1615
165 30 0.1259
170 30 0.0967
10 35 0.1610
15 35 0.1917
20 35 0.1819
25 35 0.1510
30 35 0.1002
35 35 0.0418
40 35 0.0166
45 35 0.0400
50 35 0.0923
55 35 0.0824
60 35 0.0562
65 35 0.0205
70 35 0.0493
75 35 0.0946
80 35 0.1268
85 35 0.1263
90 35 0.0806
95 35 0.0846
100 35 0.0963
105 35 0.1424
110 35 0.1501
115 35 0.1309
120 35 0.1648
125 35 0.2148
130 35 0.2597
135 35 0.2708
140 35 0.2190
145 35 0.1651
150 35 0.1859
155 35 0.1860
160 35 0.1631
165 35 0.1237
170 35 0.0895
10 40 0.1755
15 40 0.2041
20 40 0.1939
25 40 0.1558
30 40 0.0968
35 40 0.0284
40 40 0.0325
45 40 0.1687
50 40 0.1528
55 40 0.1167
60 40 0.0746
65 40 0.0319
70 40 0.0187
75 40 0.0508
80 40 0.0881
85 40 0.1178
90 40 0.0890
95 40 0.0865
100 40 0.1109
105 40 0.1233
110 40 0.1236
115 40 0.1441
120 40 0.1839
125 40 0.2108
130 40 0.2367
135 40 0.2496
140 40 0.2201
145 40 0.1753
150 40 0.2001
155 40 0.1972
160 40 0.1607
165 40 0.1145
170 40 0.0813
10 45 0.1771
15 45 0.2128
20 45 0.1929
25 45 0.1619
30 45 0.1037
35 45 0.0365
40 45 0.0560
45 45 0.1874
50 45 0.1755
55 45 0.1380
60 45 0.1189
65 45 0.0791
70 45 0.0144
75 45 0.0051
80 45 0.0250
85 45 0.0420
90 45 0.0755
95 45 0.1173
100 45 0.1209
105 45 0.1149
110 45 0.1165
115 45 0.1318
120 45 0.1675
125 45 0.1840
130 45 0.2017
135 45 0.2043
140 45 0.1886
145 45 0.1946
150 45 0.2146
155 45 0.1965
160 45 0.1370
165 45 0.1107
170 45 0.0754
10 50 0.1812
15 50 0.2051
20 50 0.1970
25 50 0.1742
30 50 0.1202
35 50 0.0479
40 50 0.0756
45 50 0.1891
50 50 0.1871
55 50 0.1368
60 50 0.1406
65 50 0.1230
70 50 0.0916
75 50 0.0434
80 50 0.0149
85 50 0.0239
90 50 0.1124
95 50 0.1459
100 50 0.1624
105 50 0.1658
110 50 0.1704
115 50 0.1629
120 50 0.1497
125 50 0.1582
130 50 0.1581
135 50 0.1429
140 50 0.1820
145 50 0.2096
150 50 0.2163
155 50 0.1610
160 50 0.1205
165 50 0.1080
170 50 0.0557
10 55 0.1901
15 55 0.2057
20 55 0.1970
25 55 0.1840
30 55 0.1404
35 55 0.0634
40 55 0.0747
45 55 0.1726
50 55 0.1679
55 55 0.1758
60 55 0.1918
65 55 0.1781
70 55 0.1686
75 55 0.1806
80 55 0.2013
85 55 0.2133
90 55 0.1916
95 55 0.1598
100 55 0.1541
105 55 0.1685
110 55 0.1937
115 55 0.1925
120 55 0.1817
125 55 0.1714
130 55 0.1515
135 55 0.1307
140 55 0.1619
145 55 0.2048
150 55 0.1065
155 55 0.1092
160 55 0.1089
165 55 0.0382
170 55 0.0248
10 60 0.2117
15 60 0.2133
20 60 0.1911
25 60 0.1663
30 60 0.1428
35 60 0.0604
40 60 0.0472
45 60 0.1454
50 60 0.1505
55 60 0.1528
60 60 0.1634
65 60 0.1932
70 60 0.2149
75 60 0.2290
80 60 0.2381
85 60 0.2457
90 60 0.2335
95 60 0.2047
100 60 0.2024
105 60 0.1813
110 60 0.1872
115 60 0.2008
120 60 0.2032
125 60 0.1903
130 60 0.1919
135 60 0.1828
140 60 0.1387
145 60 0.1070
150 60 0.1027
155 60 0.0280
160 60 0.0088
165 60 0.0251
170 60 0.0439
10 65 0.2268
15 65 0.2228
20 65 0.1979
25 65 0.1653
30 65 0.1179
35 65 0.0495
40 65 0.0132
45 65 0.0978
50 65 0.0765
55 65 0.1133
60 65 0.1685
65 65 0.2074
70 65 0.2350
75 65 0.2687
80 65 0.2786
85 65 0.2859
90 65 0.2919
95 65 0.2901
100 65 0.2750
105 65 0.2477
110 65 0.2149
115 65 0.2770
120 65 0.2580
125 65 0.2264
130 65 0.2009
135 65 0.1784
140 65 0.1759
145 65 0.1520
150 65 0.0091
155 65 0.0477
160 65 0.0619
165 65 0.0724
170 65 0.0813
10 70 0.2490
15 70 0.2379
20 70 0.2254
25 70 0.1929
30 70 0.1477
35 70 0.0729
40 70 0.0028
45 70 0.0219
50 70 0.0978
55 70 0.1226
60 70 0.1017
65 70 0.1030
70 70 0.1670
75 70 0.1589
80 70 0.1445
85 70 0.1749
90 70 0.2204
95 70 0.2489
100 70 0.2614
105 70 0.2563
110 70 0.2164
115 70 0.2360
120 70 0.2462
125 70 0.2607
130 70 0.2591
135 70 0.2198
140 70 0.0618
145 70 0.0206
150 70 0.0542
155 70 0.0553
160 70 0.0682
165 70 0.0808
170 70 0.0689
10 75 0.2607
15 75 0.2596
20 75 0.2562
25 75 0.2247
30 75 0.1804
35 75 0.1348
40 75 0.0171
45 75 0.0262
50 75 0.0348
55 75 0.1020
60 75 0.1378
65 75 0.1166
70 75 0.0424
75 75 0.0807
80 75 0.1684
85 75 0.1949
90 75 0.2047
95 75 0.2013
100 75 0.2061
105 75 0.2025
110 75 0.1821
115 75 0.1863
120 75 0.1654
125 75 0.1392
130 75 0.1384
135 75 0.1534
140 75 0.1673
145 75 0.0925
150 75 0.1539
155 75 0.1551
160 75 0.1843
165 75 0.2149
170 75 0.1942
10 80 0.2683
15 80 0.2864
20 80 0.2772
25 80 0.2412
30 80 0.2102
35 80 0.1633
40 80 0.1383
45 80 0.1185
50 80 0.1234
55 80 0.0911
60 80 0.0623
65 80 0.1488
70 80 0.0959
75 80 0.1109
80 80 0.1064
85 80 0.0686
90 80 0.0830
95 80 0.1210
100 80 0.1548
105 80 0.1907
110 80 0.2077
115 80 0.2163
120 80 0.2235
125 80 0.2333
130 80 0.2208
135 80 0.1592
140 80 0.1256
145 80 0.2221
150 80 0.2415
155 80 0.2585
160 80 0.2892
165 80 0.2817
170 80 0.2406
10 85 0.2592
15 85 0.2832
20 85 0.2727
25 85 0.2729
30 85 0.2438
35 85 0.2098
40 85 0.1762
45 85 0.1579
50 85 0.1846
55 85 0.2318
60 85 0.2381
65 85 0.2464
70 85 0.2218
75 85 0.1677
80 85 0.1045
85 85 0.1346
90 85 0.1396
95 85 0.1237
100 85 0.1122
105 85 0.0790
110 85 0.1049
115 85 0.1547
120 85 0.1746
125 85 0.1497
130 85 0.1526
135 85 0.2261
140 85 0.2313
145 85 0.2730
150 85 0.2785
155 85 0.2944
160 85 0.2543
165 85 0.2269
170 85 0.2606
10 90 0.2422
15 90 0.2773
20 90 0.2878
25 90 0.2643
30 90 0.2332
35 90 0.2314
40 90 0.2618
45 90 0.2507
50 90 0.2308
55 90 0.2718
60 90 0.3159
65 90 0.3426
70 90 0.3199
75 90 0.3299
80 90 0.3321
85 90 0.3232
90 90 0.2690
95 90 0.1780
100 90 0.1857
105 90 0.1765
110 90 0.1358
115 90 0.1256
120 90 0.1727
125 90 0.2354
130 90 0.2626
135 90 0.3125
140 90 0.3330
145 90 0.3501
150 90 0.3725
155 90 0.3957
160 90 0.3722
165 90 0.3247
170 90 0.2066
10 95 0.2188
15 95 0.2746
20 95 0.2527
25 95 0.2131
30 95 0.2460
35 95 0.2609
40 95 0.2686
45 95 0.2610
50 95 0.2732
55 95 0.3193
60 95 0.3447
65 95 0.3633
70 95 0.3882
75 95 0.4325
80 95 0.4377
85 95 0.4237
90 95 0.3793
95 95 0.3416
100 95 0.2988
105 95 0.3003
110 95 0.2415
115 95 0.2660
120 95 0.3201
125 95 0.3395
130 95 0.3501
135 95 0.3548
140 95 0.3762
145 95 0.3792
150 95 0.3701
155 95 0.3848
160 95 0.3542
165 95 0.3591
170 95 0.2889
10 100 0.1858
15 100 0.2410
20 100 0.2271
25 100 0.2241
30 100 0.2779
35 100 0.2993
40 100 0.2932
45 100 0.3064
50 100 0.3249
55 100 0.3525
60 100 0.3702
65 100 0.3812
70 100 0.3930
75 100 0.4451
80 100 0.4553
85 100 0.4174
90 100 0.3953
95 100 0.3523
100 100 0.3370
105 100 0.3633
110 100 0.3676
115 100 0.3726
120 100 0.3750
125 100 0.3849
130 100 0.3860
135 100 0.3906
140 100 0.4036
145 100 0.3891
150 100 0.3709
155 100 0.3421
160 100 0.3402
165 100 0.3641
170 100 0.3361
10 105 0.1275
15 105 0.2190
20 105 0.2196
25 105 0.2592
30 105 0.2964
35 105 0.3104
40 105 0.3101
45 105 0.3323
50 105 0.3350
55 105 0.3856
60 105 0.4086
65 105 0.4058
70 105 0.4135
75 105 0.4351
80 105 0.4442
85 105 0.4367
90 105 0.4211
95 105 0.3853
100 105 0.3630
105 105 0.3813
110 105 0.4061
115 105 0.4081
120 105 0.4044
125 105 0.3966
130 105 0.3969
135 105 0.4102
140 105 0.4009
145 105 0.3854
150 105 0.3832
155 105 0.3643
160 105 0.3310
165 105 0.3587
170 105 0.3371
10 110 0.1175
15 110 0.1740
20 110 0.2590
25 110 0.3017
30 110 0.2984
35 110 0.3167
40 110 0.3251
45 110 0.3226
50 110 0.3456
55 110 0.3889
60 110 0.4022
65 110 0.4142
70 110 0.4598
75 110 0.4843
80 110 0.4693
85 110 0.4619
90 110 0.4436
95 110 0.4282
100 110 0.4284
105 110 0.4180
110 110 0.4253
115 110 0.4311
120 110 0.4346
125 110 0.4352
130 110 0.4235
135 110 0.4117
140 110 0.4174
145 110 0.4114
150 110 0.4090
155 110 0.3676
160 110 0.3456
165 110 0.3456
170 110 0.3277
10 115 0.0736
15 115 0.1480
20 115 0.2744
25 115 0.3195
30 115 0.3246
35 115 0.3051
40 115 0.3203
45 115 0.3327
50 115 0.3362
55 115 0.3677
60 115 0.4121
65 115 0.4448
70 115 0.4721
75 115 0.5161
80 115 0.4744
85 115 0.4433
90 115 0.4177
95 115 0.4201
100 115 0.4338
105 115 0.4716
110 115 0.5159
115 115 0.5256
120 115 0.5409
125 115 0.4908
130 115 0.4668
135 115 0.4416
140 115 0.4376
145 115 0.4445
150 115 0.4110
155 115 0.3617
160 115 0.3482
165 115 0.3402
170 115 0.3123
10 120 0.0142
15 120 0.0691
20 120 0.2536
25 120 0.2927
30 120 0.3005
35 120 0.3179
40 120 0.3382
45 120 0.3420
50 120 0.3493
55 120 0.3772
60 120 0.4135
65 120 0.4240
70 120 0.4373
75 120 0.4383
80 120 0.3734
85 120 0.3702
90 120 0.3202
95 120 0.3510
100 120 0.3860
105 120 0.4299
110 120 0.4874
115 120 0.5671
120 120 0.6145
125 120 0.5968
130 120 0.5401
135 120 0.4961
140 120 0.4778
145 120 0.4704
150 120 0.4030
155 120 0.3629
160 120 0.3521
165 120 0.3634
170 120 0.2968
10 125 0.0065
15 125 0.0353
20 125 0.1023
25 125 0.2139
30 125 0.2690
35 125 0.3002
40 125 0.3140
45 125 0.3413
50 125 0.3336
55 125 0.3767
60 125 0.3512
65 125 0.3464
70 125 0.3468
75 125 0.3392
80 125 0.3085
85 125 0.2705
90 125 0.2601
95 125 0.2724
100 125 0.2954
105 125 0.3137
110 125 0.3743
115 125 0.4276
120 125 0.4920
125 125 0.5287
130 125 0.5655
135 125 0.5484
140 125 0.5118
145 125 0.4737
150 125 0.3989
155 125 0.3577
160 125 0.3640
165 125 0.3612
170 125 0.3013
10 130 0.2173
15 130 0.1272
20 130 0.1003
25 130 0.0918
30 130 0.0248
35 130 0.2448
40 130 0.2886
45 130 0.3227
50 130 0.3258
55 130 0.3186
60 130 0.3238
65 130 0.3156
70 130 0.2847
75 130 0.2492
80 130 0.0761
85 130 0.0323
90 130 0.1658
95 130 0.2106
100 130 0.2320
105 130 0.2671
110 130 0.3046
115 130 0.3211
120 130 0.3446
125 130 0.3437
130 130 0.3490
135 130 0.3484
140 130 0.3890
145 130 0.3739
150 130 0.3342
155 130 0.3381
160 130 0.3523
165 130 0.3347
170 130 0.2805
10 135 0.2531
15 135 0.2513
20 135 0.2392
25 135 0.1854
30 135 0.0129
35 135 0.0677
40 135 0.2660
45 135 0.2854
50 135 0.2850
55 135 0.2970
60 135 0.2831
65 135 0.2625
70 135 0.1890
75 135 0.0737
80 135 0.0126
85 135 0.0004
90 135 0.0006
95 135 0.0411
100 135 0.1610
105 135 0.1871
110 135 0.2228
115 135 0.2654
120 135 0.2793
125 135 0.2441
130 135 0.1819
135 135 0.1764
140 135 0.2110
145 135 0.2619
150 135 0.2846
155 135 0.3094
160 135 0.3155
165 135 0.2986
170 135 0.2549
10 140 0.1720
15 140 0.1724
20 140 0.1991
25 140 0.2267
30 140 0.2319
35 140 0.0398
40 140 0.1036
45 140 0.2631
50 140 0.2653
55 140 0.2396
60 140 0.1809
65 140 0.1597
70 140 0.1053
75 140 0.0325
80 140 0.0056
85 140 0.0118
90 140 0.0062
95 140 0.0582
100 140 0.0734
105 140 0.0885
110 140 0.0858
115 140 0.0802
120 140 0.0799
125 140 0.0864
130 140 0.0659
135 140 0.0431
140 140 0.0484
145 140 0.0791
150 140 0.1712
155 140 0.2232
160 140 0.2444
165 140 0.2459
170 140 0.2237
10 145 0.1737
15 145 0.1650
20 145 0.0953
25 145 0.0790
30 145 0.1650
35 145 0.2226
40 145 0.0884
45 145 0.1091
50 145 0.1171
55 145 0.1506
60 145 0.1171
65 145 0.0975
70 145 0.0651
75 145 0.0302
80 145 0.0026
85 145 0.0034
90 145 0.0156
95 145 0.0967
100 145 0.1297
105 145 0.1388
110 145 0.1429
115 145 0.1426
120 145 0.1392
125 145 0.1104
130 145 0.0181
135 145 0.0017
140 145 0.0026
145 145 0.0017
150 145 0.0213
155 145 0.0971
160 145 0.1517
165 145 0.1806
170 145 0.1808
10 150 0.2167
15 150 0.1957
20 150 0.1627
25 150 0.1596
30 150 0.1369
35 150 0.1254
40 150 0.0927
45 150 0.1118
50 150 0.1369
55 150 0.0996
60 150 0.0964
65 150 0.1018
70 150 0.0554
75 150 0.0013
80 150 0.0023
85 150 0.0249
90 150 0.0267
95 150 0.1339
100 150 0.1641
105 150 0.1823
110 150 0.1833
115 150 0.1640
120 150 0.1233
125 150 0.1111
130 150 0.0094
135 150 0.0022
140 150 0.0033
145 150 0.0059
150 150 0.0637
155 150 0.0371
160 150 0.0500
165 150 0.0954
170 150 0.1193
10 155 0.2240
15 155 0.1653
20 155 0.1790
25 155 0.1935
30 155 0.1693
35 155 0.1488
40 155 0.1208
45 155 0.1230
50 155 0.1319
55 155 0.1350
60 155 0.0990
65 155 0.0501
70 155 0.0042
75 155 0.0254
80 155 0.0150
85 155 0.0271
90 155 0.0391
95 155 0.1193
100 155 0.1417
105 155 0.1546
110 155 0.1317
115 155 0.1628
120 155 0.2370
125 155 0.2738
130 155 0.2325
135 155 0.0853
140 155 0.0555
145 155 0.0632
150 155 0.0578
155 155 0.0609
160 155 0.0823
165 155 0.0750
170 155 0.0657
10 160 0.2138
15 160 0.1676
20 160 0.1831
25 160 0.1886
30 160 0.1744
35 160 0.1588
40 160 0.1262
45 160 0.1077
50 160 0.1248
55 160 0.1251
60 160 0.1111
65 160 0.0750
70 160 0.0076
75 160 0.0163
80 160 0.0458
85 160 0.0540
90 160 0.0666
95 160 0.0831
100 160 0.1040
105 160 0.1128
110 160 0.1380
115 160 0.2451
120 160 0.2912
125 160 0.3072
130 160 0.3049
135 160 0.2812
140 160 0.1676
145 160 0.1554
150 160 0.1469
155 160 0.0647
160 160 0.0877
165 160 0.0858
170 160 0.0693
10 165 0.1992
15 165 0.1674
20 165 0.1808
25 165 0.1806
30 165 0.1809
35 165 0.1638
40 165 0.1384
45 165 0.1108
50 165 0.1259
55 165 0.1215
60 165 0.1176
65 165 0.0960
70 165 0.0849
75 165 0.0421
80 165 0.0532
85 165 0.0758
90 165 0.0833
95 165 0.0486
100 165 0.0717
105 165 0.0838
110 165 0.1717
115 165 0.2806
120 165 0.3238
125 165 0.3469
130 165 0.3254
135 165 0.2833
140 165 0.1861
145 165 0.1793
150 165 0.1730
155 165 0.1187
160 165 0.0687
165 165 0.0806
170 165 0.0729
10 170 0.1777
15 170 0.1703
20 170 0.1711
25 170 0.1750
30 170 0.1896
35 170 0.1746
40 170 0.1547
45 170 0.1353
50 170 0.1262
55 170 0.1407
60 170 0.1429
65 170 0.1200
70 170 0.1177
75 170 0.0839
80 170 0.1168
85 170 0.1304
90 170 0.1459
95 170 0.0666
100 170 0.0903
105 170 0.1004
110 170 0.1889
115 170 0.2846
120 170 0.3497
125 170 0.3618
130 170 0.3311
135 170 0.2887
140 170 0.2025
145 170 0.1969
150 170 0.1915
155 170 0.1454
160 170 0.0583
165 170 0.0712
170 170 0.0665
10 175 0.1680
15 175 0.1686
20 175 0.1775
25 175 0.1762
30 175 0.1938
35 175 0.1893
40 175 0.1731
45 175 0.1577
50 175 0.1553
55 175 0.1613
60 175 0.1687
65 175 0.1504
70 175 0.1146
75 175 0.0639
80 175 0.1168
85 175 0.1152
90 175 0.1173
95 175 0.1187
100 175 0.0794
105 175 0.0930
110 175 0.1939
115 175 0.2903
120 175 0.3379
125 175 0.3630
130 175 0.3321
135 175 0.2935
140 175 0.1992
145 175 0.2142
150 175 0.1985
155 175 0.1652
160 175 0.0885
165 175 0.0571
170 175 0.0584
