10,-180,0.151620
15,-180,0.148515
20,-180,0.124025
25,-180,0.102545
30,-180,0.012605
35,-180,0.007105
40,-180,0.043960
45,-180,0.153375
50,-180,0.158810
55,-180,0.201095
60,-180,0.159605
65,-180,0.154435
70,-180,0.198925
75,-180,0.172815
80,-180,0.178130
85,-180,0.243650
90,-180,0.305080
95,-180,0.305810
100,-180,0.315160
105,-180,0.291850
110,-180,0.254830
115,-180,0.244345
120,-180,0.126435
125,-180,0.077695
130,-180,0.073060
135,-180,0.179655
140,-180,0.226745
145,-180,0.199625
150,-180,0.118465
155,-180,0.168830
160,-180,0.201375
165,-180,0.205610
170,-180,0.210815
10,-175,0.113735
15,-175,0.078555
20,-175,0.107400
25,-175,0.029680
30,-175,0.003735
35,-175,0.009565
40,-175,0.092575
45,-175,0.129700
50,-175,0.178335
55,-175,0.155210
60,-175,0.224625
65,-175,0.237385
70,-175,0.215200
75,-175,0.198025
80,-175,0.216430
85,-175,0.251870
90,-175,0.270510
95,-175,0.271350
100,-175,0.311370
105,-175,0.339085
110,-175,0.354510
115,-175,0.333040
120,-175,0.313340
125,-175,0.133940
130,-175,0.278900
135,-175,0.141335
140,-175,0.164210
145,-175,0.169540
150,-175,0.167805
155,-175,0.182130
160,-175,0.200840
165,-175,0.222135
170,-175,0.224585
10,-170,0.074305
15,-170,0.113225
20,-170,0.075410
25,-170,0.001950
30,-170,0.001595
35,-170,0.053105
40,-170,0.126150
45,-170,0.139575
50,-170,0.145015
55,-170,0.216000
60,-170,0.264695
65,-170,0.242525
70,-170,0.208555
75,-170,0.214565
80,-170,0.225090
85,-170,0.255210
90,-170,0.283000
95,-170,0.303375
100,-170,0.320430
105,-170,0.304445
110,-170,0.293400
115,-170,0.329410
120,-170,0.378995
125,-170,0.360695
130,-170,0.299045
135,-170,0.242930
140,-170,0.251310
145,-170,0.184770
150,-170,0.176200
155,-170,0.194100
160,-170,0.216005
165,-170,0.234150
170,-170,0.228395
10,-165,0.104495
15,-165,0.105360
20,-165,0.016865
25,-165,0.001515
30,-165,0.013505
35,-165,0.052960
40,-165,0.172560
45,-165,0.142000
50,-165,0.201080
55,-165,0.265555
60,-165,0.241935
65,-165,0.215140
70,-165,0.233440
75,-165,0.250025
80,-165,0.256605
85,-165,0.258760
90,-165,0.278265
95,-165,0.278435
100,-165,0.279925
105,-165,0.269285
110,-165,0.268380
115,-165,0.278935
120,-165,0.280975
125,-165,0.307660
130,-165,0.295385
135,-165,0.250765
140,-165,0.276505
145,-165,0.250520
150,-165,0.207400
155,-165,0.216225
160,-165,0.232740
165,-165,0.239015
170,-165,0.239735
10,-160,0.103650
15,-160,0.103775
20,-160,0.002700
25,-160,0.005595
30,-160,0.048980
35,-160,0.183755
40,-160,0.208640
45,-160,0.190400
50,-160,0.218125
55,-160,0.282620
60,-160,0.267395
65,-160,0.252720
70,-160,0.227475
75,-160,0.238795
80,-160,0.240575
85,-160,0.265420
90,-160,0.271330
95,-160,0.269100
100,-160,0.249865
105,-160,0.241080
110,-160,0.242360
115,-160,0.251220
120,-160,0.258960
125,-160,0.260515
130,-160,0.282425
135,-160,0.318340
140,-160,0.286140
145,-160,0.259030
150,-160,0.228960
155,-160,0.227175
160,-160,0.244475
165,-160,0.250455
170,-160,0.264530
10,-155,0.111140
15,-155,0.067130
20,-155,0.005855
25,-155,0.023110
30,-155,0.059825
35,-155,0.220445
40,-155,0.219705
45,-155,0.259300
50,-155,0.307220
55,-155,0.334610
60,-155,0.251095
65,-155,0.259010
70,-155,0.284405
75,-155,0.289795
80,-155,0.260740
85,-155,0.208630
90,-155,0.201185
95,-155,0.196310
100,-155,0.188545
105,-155,0.183065
110,-155,0.166155
115,-155,0.168165
120,-155,0.174405
125,-155,0.191040
130,-155,0.314855
135,-155,0.322215
140,-155,0.265005
145,-155,0.262450
150,-155,0.229875
155,-155,0.239865
160,-155,0.257165
165,-155,0.263990
170,-155,0.284575
10,-150,0.108390
15,-150,0.016125
20,-150,0.022935
25,-150,0.071790
30,-150,0.166155
35,-150,0.254015
40,-150,0.282530
45,-150,0.284145
50,-150,0.299235
55,-150,0.305705
60,-150,0.223865
65,-150,0.370745
70,-150,0.413695
75,-150,0.393980
80,-150,0.389870
85,-150,0.382410
90,-150,0.347365
95,-150,0.309050
100,-150,0.274720
105,-150,0.258500
110,-150,0.263830
115,-150,0.268215
120,-150,0.279085
125,-150,0.287050
130,-150,0.305760
135,-150,0.313915
140,-150,0.263820
145,-150,0.258215
150,-150,0.236630
155,-150,0.244460
160,-150,0.265390
165,-150,0.280205
170,-150,0.304710
10,-145,0.081950
15,-145,0.020215
20,-145,0.042145
25,-145,0.094280
30,-145,0.255575
35,-145,0.275500
40,-145,0.295695
45,-145,0.288820
50,-145,0.290855
55,-145,0.243905
60,-145,0.267390
65,-145,0.360790
70,-145,0.403855
75,-145,0.373755
80,-145,0.355920
85,-145,0.338670
90,-145,0.309655
95,-145,0.285530
100,-145,0.268930
105,-145,0.261080
110,-145,0.257810
115,-145,0.265255
120,-145,0.261790
125,-145,0.276190
130,-145,0.291705
135,-145,0.286915
140,-145,0.269535
145,-145,0.260955
150,-145,0.247665
155,-145,0.253690
160,-145,0.275650
165,-145,0.287090
170,-145,0.303940
10,-140,0.032310
15,-140,0.050640
20,-140,0.074635
25,-140,0.191980
30,-140,0.295255
35,-140,0.291300
40,-140,0.294140
45,-140,0.283935
50,-140,0.274800
55,-140,0.271035
60,-140,0.236540
65,-140,0.271135
70,-140,0.295850
75,-140,0.307090
80,-140,0.297455
85,-140,0.280050
90,-140,0.269485
95,-140,0.252770
100,-140,0.247020
105,-140,0.230940
110,-140,0.234875
115,-140,0.242015
120,-140,0.248815
125,-140,0.258125
130,-140,0.274455
135,-140,0.259000
140,-140,0.278890
145,-140,0.262255
150,-140,0.266640
155,-140,0.274080
160,-140,0.279265
165,-140,0.309405
170,-140,0.349725
10,-135,0.060160
15,-135,0.062920
20,-135,0.117710
25,-135,0.293160
30,-135,0.306820
35,-135,0.322380
40,-135,0.309550
45,-135,0.282340
50,-135,0.268095
55,-135,0.262225
60,-135,0.250005
65,-135,0.245675
70,-135,0.223685
75,-135,0.214935
80,-135,0.210565
85,-135,0.194640
90,-135,0.183750
95,-135,0.181855
100,-135,0.181490
105,-135,0.192550
110,-135,0.207965
115,-135,0.213295
120,-135,0.227340
125,-135,0.244025
130,-135,0.225970
135,-135,0.279795
140,-135,0.279400
145,-135,0.282125
150,-135,0.274820
155,-135,0.283485
160,-135,0.298670
165,-135,0.307120
170,-135,0.376735
10,-130,0.071910
15,-130,0.099100
20,-130,0.161140
25,-130,0.316105
30,-130,0.331880
35,-130,0.353005
40,-130,0.315715
45,-130,0.301640
50,-130,0.268905
55,-130,0.238840
60,-130,0.214915
65,-130,0.195615
70,-130,0.166625
75,-130,0.132950
80,-130,0.144650
85,-130,0.076300
90,-130,0.067375
95,-130,0.066800
100,-130,0.162555
105,-130,0.187185
110,-130,0.198800
115,-130,0.199440
120,-130,0.192640
125,-130,0.249845
130,-130,0.250425
135,-130,0.247940
140,-130,0.220425
145,-130,0.267660
150,-130,0.278750
155,-130,0.297060
160,-130,0.294040
165,-130,0.316760
170,-130,0.366290
10,-125,0.045075
15,-125,0.133590
20,-125,0.257385
25,-125,0.316730
30,-125,0.370275
35,-125,0.377660
40,-125,0.297040
45,-125,0.285570
50,-125,0.245835
55,-125,0.229225
60,-125,0.217735
65,-125,0.208850
70,-125,0.156625
75,-125,0.109295
80,-125,0.087540
85,-125,0.017600
90,-125,0.005190
95,-125,0.112495
100,-125,0.116275
105,-125,0.152965
110,-125,0.162970
115,-125,0.195570
120,-125,0.212070
125,-125,0.214635
130,-125,0.200015
135,-125,0.172160
140,-125,0.215035
145,-125,0.256835
150,-125,0.280935
155,-125,0.284360
160,-125,0.284090
165,-125,0.327260
170,-125,0.347180
10,-120,0.068560
15,-120,0.167275
20,-120,0.259200
25,-120,0.305605
30,-120,0.392905
35,-120,0.347865
40,-120,0.288015
45,-120,0.267875
50,-120,0.247925
55,-120,0.207995
60,-120,0.161975
65,-120,0.086410
70,-120,0.097355
75,-120,0.046055
80,-120,0.003690
85,-120,0.067420
90,-120,0.129380
95,-120,0.126375
100,-120,0.110360
105,-120,0.099805
110,-120,0.084345
115,-120,0.113685
120,-120,0.126545
125,-120,0.127595
130,-120,0.111635
135,-120,0.163985
140,-120,0.218925
145,-120,0.256195
150,-120,0.260675
155,-120,0.273245
160,-120,0.260720
165,-120,0.314100
170,-120,0.331765
10,-115,0.073895
15,-115,0.177735
20,-115,0.264870
25,-115,0.322730
30,-115,0.368730
35,-115,0.297725
40,-115,0.248310
45,-115,0.253215
50,-115,0.204735
55,-115,0.160870
60,-115,0.083310
65,-115,0.042065
70,-115,0.005660
75,-115,0.004000
80,-115,0.061975
85,-115,0.081035
90,-115,0.111330
95,-115,0.163970
100,-115,0.158520
105,-115,0.222965
110,-115,0.225870
115,-115,0.212770
120,-115,0.116620
125,-115,0.168795
130,-115,0.131075
135,-115,0.162490
140,-115,0.214770
145,-115,0.236940
150,-115,0.252595
155,-115,0.242070
160,-115,0.278085
165,-115,0.293835
170,-115,0.307145
10,-110,0.109460
15,-110,0.176115
20,-110,0.274680
25,-110,0.329105
30,-110,0.336305
35,-110,0.293140
40,-110,0.230640
45,-110,0.227265
50,-110,0.183990
55,-110,0.154450
60,-110,0.133020
65,-110,0.009150
70,-110,0.001665
75,-110,0.061330
80,-110,0.081490
85,-110,0.125200
90,-110,0.109940
95,-110,0.216170
100,-110,0.219055
105,-110,0.228735
110,-110,0.204550
115,-110,0.109030
120,-110,0.170920
125,-110,0.179785
130,-110,0.154020
135,-110,0.143245
140,-110,0.198560
145,-110,0.222520
150,-110,0.230730
155,-110,0.237515
160,-110,0.271300
165,-110,0.272365
170,-110,0.265675
10,-105,0.149535
15,-105,0.197550
20,-105,0.285315
25,-105,0.324950
30,-105,0.313250
35,-105,0.273870
40,-105,0.211885
45,-105,0.202370
50,-105,0.176140
55,-105,0.185410
60,-105,0.176810
65,-105,0.112880
70,-105,0.040050
75,-105,0.067835
80,-105,0.070950
85,-105,0.193860
90,-105,0.223480
95,-105,0.157645
100,-105,0.186425
105,-105,0.181830
110,-105,0.160435
115,-105,0.132035
120,-105,0.114810
125,-105,0.104815
130,-105,0.129140
135,-105,0.102875
140,-105,0.157020
145,-105,0.190475
150,-105,0.219970
155,-105,0.235930
160,-105,0.239200
165,-105,0.240485
170,-105,0.169720
10,-100,0.158340
15,-100,0.209340
20,-100,0.291215
25,-100,0.305110
30,-100,0.309620
35,-100,0.262465
40,-100,0.194740
45,-100,0.185320
50,-100,0.176450
55,-100,0.127435
60,-100,0.119375
65,-100,0.097975
70,-100,0.085625
75,-100,0.055450
80,-100,0.011340
85,-100,0.024790
90,-100,0.041240
95,-100,0.139755
100,-100,0.141050
105,-100,0.138200
110,-100,0.135785
115,-100,0.128755
120,-100,0.119775
125,-100,0.104500
130,-100,0.108595
135,-100,0.093565
140,-100,0.190170
145,-100,0.204450
150,-100,0.196055
155,-100,0.153260
160,-100,0.141305
165,-100,0.155800
170,-100,0.230205
10,-95,0.190180
15,-95,0.227690
20,-95,0.289460
25,-95,0.288495
30,-95,0.295585
35,-95,0.254775
40,-95,0.209820
45,-95,0.186070
50,-95,0.167230
55,-95,0.134780
60,-95,0.033100
65,-95,0.010460
70,-95,0.010550
75,-95,0.004475
80,-95,0.001435
85,-95,0.006675
90,-95,0.027640
95,-95,0.062090
100,-95,0.068975
105,-95,0.070040
110,-95,0.074710
115,-95,0.073595
120,-95,0.083385
125,-95,0.088150
130,-95,0.085640
135,-95,0.098760
140,-95,0.149685
145,-95,0.131460
150,-95,0.190620
155,-95,0.224525
160,-95,0.237780
165,-95,0.247195
170,-95,0.254075
10,-90,0.223775
15,-90,0.254805
20,-90,0.272760
25,-90,0.268640
30,-90,0.266510
35,-90,0.229580
40,-90,0.209420
45,-90,0.177490
50,-90,0.152285
55,-90,0.059300
60,-90,0.069810
65,-90,0.145215
70,-90,0.144040
75,-90,0.129350
80,-90,0.078295
85,-90,0.097965
90,-90,0.067330
95,-90,0.047715
100,-90,0.071295
105,-90,0.099585
110,-90,0.107430
115,-90,0.106795
120,-90,0.108715
125,-90,0.108225
130,-90,0.108400
135,-90,0.042745
140,-90,0.128640
145,-90,0.215415
150,-90,0.240035
155,-90,0.245035
160,-90,0.248885
165,-90,0.261140
170,-90,0.275310
10,-85,0.212680
15,-85,0.203875
20,-85,0.231645
25,-85,0.235130
30,-85,0.211100
35,-85,0.186930
40,-85,0.178500
45,-85,0.164455
50,-85,0.139855
55,-85,0.098335
60,-85,0.096550
65,-85,0.150570
70,-85,0.156425
75,-85,0.156640
80,-85,0.152100
85,-85,0.150505
90,-85,0.128210
95,-85,0.137830
100,-85,0.100490
105,-85,0.091415
110,-85,0.094820
115,-85,0.089490
120,-85,0.052410
125,-85,0.050065
130,-85,0.038525
135,-85,0.023630
140,-85,0.183010
145,-85,0.249055
150,-85,0.269845
155,-85,0.268870
160,-85,0.280510
165,-85,0.283585
170,-85,0.286750
10,-80,0.120655
15,-80,0.096915
20,-80,0.166210
25,-80,0.189120
30,-80,0.161375
35,-80,0.147055
40,-80,0.140515
45,-80,0.142335
50,-80,0.133530
55,-80,0.073265
60,-80,0.136590
65,-80,0.167035
70,-80,0.180415
75,-80,0.189695
80,-80,0.191330
85,-80,0.203240
90,-80,0.193510
95,-80,0.145870
100,-80,0.144885
105,-80,0.131770
110,-80,0.105585
115,-80,0.079565
120,-80,0.062160
125,-80,0.047875
130,-80,0.029215
135,-80,0.019205
140,-80,0.155045
145,-80,0.223315
150,-80,0.289170
155,-80,0.307415
160,-80,0.295615
165,-80,0.277385
170,-80,0.279165
10,-75,0.089510
15,-75,0.110220
20,-75,0.078890
25,-75,0.157010
30,-75,0.133480
35,-75,0.125825
40,-75,0.122835
45,-75,0.124925
50,-75,0.129495
55,-75,0.121780
60,-75,0.143780
65,-75,0.178825
70,-75,0.201230
75,-75,0.202850
80,-75,0.202715
85,-75,0.211170
90,-75,0.207810
95,-75,0.184415
100,-75,0.134015
105,-75,0.062810
110,-75,0.051050
115,-75,0.052395
120,-75,0.048540
125,-75,0.039530
130,-75,0.029510
135,-75,0.044535
140,-75,0.147290
145,-75,0.202355
150,-75,0.300090
155,-75,0.321670
160,-75,0.308325
165,-75,0.311070
170,-75,0.302485
10,-70,0.087515
15,-70,0.095180
20,-70,0.075935
25,-70,0.121755
30,-70,0.118960
35,-70,0.117160
40,-70,0.120800
45,-70,0.125655
50,-70,0.129885
55,-70,0.133600
60,-70,0.108085
65,-70,0.176335
70,-70,0.206525
75,-70,0.199200
80,-70,0.186110
85,-70,0.183960
90,-70,0.171210
95,-70,0.143620
100,-70,0.124625
105,-70,0.092175
110,-70,0.043015
115,-70,0.036120
120,-70,0.040270
125,-70,0.082620
130,-70,0.116085
135,-70,0.088500
140,-70,0.153945
145,-70,0.196375
150,-70,0.256120
155,-70,0.321610
160,-70,0.335820
165,-70,0.333665
170,-70,0.319020
10,-65,0.074025
15,-65,0.075540
20,-65,0.068595
25,-65,0.101900
30,-65,0.117620
35,-65,0.124690
40,-65,0.129250
45,-65,0.134900
50,-65,0.141080
55,-65,0.146685
60,-65,0.148410
65,-65,0.176175
70,-65,0.226070
75,-65,0.216545
80,-65,0.200770
85,-65,0.186540
90,-65,0.171135
95,-65,0.152205
100,-65,0.120355
105,-65,0.088515
110,-65,0.050715
115,-65,0.034730
120,-65,0.039150
125,-65,0.052415
130,-65,0.027235
135,-65,0.109895
140,-65,0.157720
145,-65,0.193175
150,-65,0.241160
155,-65,0.313495
160,-65,0.339940
165,-65,0.342695
170,-65,0.317700
10,-60,0.052200
15,-60,0.052095
20,-60,0.051355
25,-60,0.097520
30,-60,0.114415
35,-60,0.130715
40,-60,0.138670
45,-60,0.136105
50,-60,0.151550
55,-60,0.149640
60,-60,0.165955
65,-60,0.184160
70,-60,0.184180
75,-60,0.256370
80,-60,0.232525
85,-60,0.215275
90,-60,0.176730
95,-60,0.134830
100,-60,0.093320
105,-60,0.038595
110,-60,0.022505
115,-60,0.026290
120,-60,0.021110
125,-60,0.017240
130,-60,0.077550
135,-60,0.145030
140,-60,0.174230
145,-60,0.217040
150,-60,0.262620
155,-60,0.306285
160,-60,0.322650
165,-60,0.343045
170,-60,0.327760
10,-55,0.058650
15,-55,0.038965
20,-55,0.024985
25,-55,0.071665
30,-55,0.110730
35,-55,0.052610
40,-55,0.130500
45,-55,0.148545
50,-55,0.157130
55,-55,0.160490
60,-55,0.163980
65,-55,0.175330
70,-55,0.215525
75,-55,0.256340
80,-55,0.247340
85,-55,0.240570
90,-55,0.187230
95,-55,0.118865
100,-55,0.060995
105,-55,0.008710
110,-55,0.008120
115,-55,0.074305
120,-55,0.048930
125,-55,0.100335
130,-55,0.121440
135,-55,0.178775
140,-55,0.190435
145,-55,0.227195
150,-55,0.268085
155,-55,0.322615
160,-55,0.347445
165,-55,0.370120
170,-55,0.360810
10,-50,0.063230
15,-50,0.034505
20,-50,0.011315
25,-50,0.018150
30,-50,0.093675
35,-50,0.102470
40,-50,0.146075
45,-50,0.159490
50,-50,0.174455
55,-50,0.179975
60,-50,0.181540
65,-50,0.188785
70,-50,0.212035
75,-50,0.237620
80,-50,0.221295
85,-50,0.186025
90,-50,0.134400
95,-50,0.135290
100,-50,0.125645
105,-50,0.070570
110,-50,0.115980
115,-50,0.107525
120,-50,0.116620
125,-50,0.140570
130,-50,0.147255
135,-50,0.160060
140,-50,0.186250
145,-50,0.230885
150,-50,0.261800
155,-50,0.305390
160,-50,0.350195
165,-50,0.376345
170,-50,0.372110
10,-45,0.073845
15,-45,0.028265
20,-45,0.006145
25,-45,0.003630
30,-45,0.034310
35,-45,0.154890
40,-45,0.154175
45,-45,0.164590
50,-45,0.186210
55,-45,0.192535
60,-45,0.182185
65,-45,0.176240
70,-45,0.172790
75,-45,0.215460
80,-45,0.201180
85,-45,0.150395
90,-45,0.112185
95,-45,0.177420
100,-45,0.177825
105,-45,0.105690
110,-45,0.121830
115,-45,0.132325
120,-45,0.145530
125,-45,0.154235
130,-45,0.199715
135,-45,0.135605
140,-45,0.199285
145,-45,0.236145
150,-45,0.279310
155,-45,0.302310
160,-45,0.333570
165,-45,0.366710
170,-45,0.357600
10,-40,0.075400
15,-40,0.027125
20,-40,0.003505
25,-40,0.004205
30,-40,0.009530
35,-40,0.168410
40,-40,0.177460
45,-40,0.180730
50,-40,0.190085
55,-40,0.188605
60,-40,0.186645
65,-40,0.175385
70,-40,0.151355
75,-40,0.114070
80,-40,0.174540
85,-40,0.143350
90,-40,0.102260
95,-40,0.101550
100,-40,0.162330
105,-40,0.179855
110,-40,0.196505
115,-40,0.199110
120,-40,0.188480
125,-40,0.191605
130,-40,0.186550
135,-40,0.174255
140,-40,0.210305
145,-40,0.241570
150,-40,0.285340
155,-40,0.318985
160,-40,0.367475
165,-40,0.343355
170,-40,0.323820
10,-35,0.081215
15,-35,0.028495
20,-35,0.003900
25,-35,0.006245
30,-35,0.009360
35,-35,0.140565
40,-35,0.180800
45,-35,0.193470
50,-35,0.200060
55,-35,0.178840
60,-35,0.161930
65,-35,0.153400
70,-35,0.143235
75,-35,0.140445
80,-35,0.106495
85,-35,0.092525
90,-35,0.080735
95,-35,0.096665
100,-35,0.160555
105,-35,0.194060
110,-35,0.199590
115,-35,0.204930
120,-35,0.187760
125,-35,0.156700
130,-35,0.103190
135,-35,0.203380
140,-35,0.244660
145,-35,0.260190
150,-35,0.296790
155,-35,0.326320
160,-35,0.379625
165,-35,0.352230
170,-35,0.315540
10,-30,0.088160
15,-30,0.044975
20,-30,0.005835
25,-30,0.003775
30,-30,0.001020
35,-30,0.061880
40,-30,0.185265
45,-30,0.190010
50,-30,0.192170
55,-30,0.177990
60,-30,0.151710
65,-30,0.138705
70,-30,0.150895
75,-30,0.142465
80,-30,0.125075
85,-30,0.114380
90,-30,0.090130
95,-30,0.104970
100,-30,0.142565
105,-30,0.173195
110,-30,0.174455
115,-30,0.171420
120,-30,0.168285
125,-30,0.144900
130,-30,0.200760
135,-30,0.175560
140,-30,0.247600
145,-30,0.288055
150,-30,0.315470
155,-30,0.336335
160,-30,0.375650
165,-30,0.344565
170,-30,0.310230
10,-25,0.095455
15,-25,0.068220
20,-25,0.017460
25,-25,0.002890
30,-25,0.003175
35,-25,0.006005
40,-25,0.173070
45,-25,0.179380
50,-25,0.178270
55,-25,0.168930
60,-25,0.159060
65,-25,0.150110
70,-25,0.140285
75,-25,0.133775
80,-25,0.125525
85,-25,0.042830
90,-25,0.063135
95,-25,0.096160
100,-25,0.101430
105,-25,0.092050
110,-25,0.095135
115,-25,0.105695
120,-25,0.103765
125,-25,0.131285
130,-25,0.216465
135,-25,0.251055
140,-25,0.210255
145,-25,0.283540
150,-25,0.380910
155,-25,0.336355
160,-25,0.335750
165,-25,0.326115
170,-25,0.295575
10,-20,0.101790
15,-20,0.085650
20,-20,0.065285
25,-20,0.028820
30,-20,0.008865
35,-20,0.001535
40,-20,0.006420
45,-20,0.071565
50,-20,0.133765
55,-20,0.084675
60,-20,0.130785
65,-20,0.163140
70,-20,0.164195
75,-20,0.143765
80,-20,0.109760
85,-20,0.076360
90,-20,0.003825
95,-20,0.030200
100,-20,0.046945
105,-20,0.073435
110,-20,0.091285
115,-20,0.099785
120,-20,0.110720
125,-20,0.132470
130,-20,0.139210
135,-20,0.233415
140,-20,0.289845
145,-20,0.294070
150,-20,0.371510
155,-20,0.311145
160,-20,0.284805
165,-20,0.293730
170,-20,0.269405
10,-15,0.111720
15,-15,0.104250
20,-15,0.090200
25,-15,0.081925
30,-15,0.063345
35,-15,0.010090
40,-15,0.003970
45,-15,0.003860
50,-15,0.029845
55,-15,0.126190
60,-15,0.106990
65,-15,0.082065
70,-15,0.100015
75,-15,0.125790
80,-15,0.129505
85,-15,0.095030
90,-15,0.039035
95,-15,0.005450
100,-15,0.008160
105,-15,0.004915
110,-15,0.011255
115,-15,0.059000
120,-15,0.104160
125,-15,0.122835
130,-15,0.154650
135,-15,0.195460
140,-15,0.246225
145,-15,0.267945
150,-15,0.330065
155,-15,0.273280
160,-15,0.251065
165,-15,0.253930
170,-15,0.240520
10,-10,0.124010
15,-10,0.125795
20,-10,0.118975
25,-10,0.098680
30,-10,0.091765
35,-10,0.061095
40,-10,0.002160
45,-10,0.003600
50,-10,0.011475
55,-10,0.035240
60,-10,0.049865
65,-10,0.045820
70,-10,0.061505
75,-10,0.062465
80,-10,0.070340
85,-10,0.069760
90,-10,0.066610
95,-10,0.006930
100,-10,0.036640
105,-10,0.007050
110,-10,0.003790
115,-10,0.009610
120,-10,0.051790
125,-10,0.098655
130,-10,0.127280
135,-10,0.154805
140,-10,0.155090
145,-10,0.224295
150,-10,0.257365
155,-10,0.225035
160,-10,0.205535
165,-10,0.252090
170,-10,0.259215
10,-5,0.139230
15,-5,0.150050
20,-5,0.154885
25,-5,0.134655
30,-5,0.093670
35,-5,0.100745
40,-5,0.024210
45,-5,0.003170
50,-5,0.005380
55,-5,0.002240
60,-5,0.006410
65,-5,0.009690
70,-5,0.013460
75,-5,0.051140
80,-5,0.087805
85,-5,0.103680
90,-5,0.144580
95,-5,0.169170
100,-5,0.012575
105,-5,0.061330
110,-5,0.030735
115,-5,0.006935
120,-5,0.013960
125,-5,0.017300
130,-5,0.054320
135,-5,0.089865
140,-5,0.117425
145,-5,0.175640
150,-5,0.198120
155,-5,0.198030
160,-5,0.226070
165,-5,0.268045
170,-5,0.264840
10,0,0.163980
15,0,0.177785
20,0,0.187725
25,0,0.180630
30,0,0.147320
35,0,0.078185
40,0,0.067625
45,0,0.002770
50,0,0.006355
55,0,0.006040
60,0,0.007995
65,0,0.004550
70,0,0.007950
75,0,0.022525
80,0,0.068870
85,0,0.190480
90,0,0.252125
95,0,0.270235
100,0,0.252480
105,0,0.217720
110,0,0.135635
115,0,0.104270
120,0,0.010210
125,0,0.009280
130,0,0.007070
135,0,0.004915
140,0,0.096965
145,0,0.146465
150,0,0.194150
155,0,0.202545
160,0,0.214485
165,0,0.240840
170,0,0.239395
10,5,0.192480
15,5,0.216465
20,5,0.231095
25,5,0.215300
30,5,0.190070
35,5,0.135590
40,5,0.065160
45,5,0.006600
50,5,0.004935
55,5,0.006450
60,5,0.016730
65,5,0.040785
70,5,0.058530
75,5,0.141855
80,5,0.233215
85,5,0.276795
90,5,0.300495
95,5,0.318570
100,5,0.325865
105,5,0.319425
110,5,0.268575
115,5,0.247175
120,5,0.203860
125,5,0.132865
130,5,0.083700
135,5,0.069255
140,5,0.147970
145,5,0.140400
150,5,0.159920
155,5,0.176285
160,5,0.185770
165,5,0.219950
170,5,0.228135
10,10,0.219040
15,10,0.238460
20,10,0.243425
25,10,0.241565
30,10,0.236935
35,10,0.171350
40,10,0.095265
45,10,0.027415
50,10,0.018975
55,10,0.028090
60,10,0.111595
65,10,0.230020
70,10,0.257975
75,10,0.283720
80,10,0.296575
85,10,0.309705
90,10,0.309995
95,10,0.354670
100,10,0.345090
105,10,0.314960
110,10,0.286860
115,10,0.249495
120,10,0.195870
125,10,0.160815
130,10,0.148995
135,10,0.163770
140,10,0.161810
145,10,0.150420
150,10,0.171015
155,10,0.189985
160,10,0.201440
165,10,0.214080
170,10,0.228290
10,15,0.216060
15,15,0.227590
20,15,0.244480
25,15,0.251820
30,15,0.236915
35,15,0.187255
40,15,0.115810
45,15,0.028055
50,15,0.013520
55,15,0.034220
60,15,0.091780
65,15,0.199040
70,15,0.213545
75,15,0.226245
80,15,0.238655
85,15,0.270905
90,15,0.322670
95,15,0.360575
100,15,0.335520
105,15,0.286480
110,15,0.262675
115,15,0.181365
120,15,0.154200
125,15,0.183890
130,15,0.164040
135,15,0.193080
140,15,0.201050
145,15,0.213805
150,15,0.241230
155,15,0.249240
160,15,0.248795
165,15,0.264825
170,15,0.253140
10,20,0.197760
15,20,0.225405
20,20,0.237455
25,20,0.246530
30,20,0.225595
35,20,0.186875
40,20,0.131545
45,20,0.037335
50,20,0.018625
55,20,0.044930
60,20,0.075840
65,20,0.157855
70,20,0.189695
75,20,0.226890
80,20,0.246485
85,20,0.263400
90,20,0.293840
95,20,0.328000
100,20,0.304345
105,20,0.270610
110,20,0.239485
115,20,0.168225
120,20,0.175140
125,20,0.212720
130,20,0.246375
135,20,0.275880
140,20,0.296730
145,20,0.306590
150,20,0.312745
155,20,0.329790
160,20,0.337900
165,20,0.341605
170,20,0.309950
10,25,0.162550
15,25,0.215565
20,25,0.224965
25,25,0.235130
30,25,0.211940
35,25,0.182155
40,25,0.148330
45,25,0.071935
50,25,0.041855
55,25,0.048095
60,25,0.086900
65,25,0.104220
70,25,0.200480
75,25,0.217235
80,25,0.234525
85,25,0.250895
90,25,0.274450
95,25,0.298220
100,25,0.296540
105,25,0.271230
110,25,0.193565
115,25,0.155645
120,25,0.224785
125,25,0.266070
130,25,0.309390
135,25,0.345940
140,25,0.372870
145,25,0.398380
150,25,0.381160
155,25,0.379735
160,25,0.371205
165,25,0.370320
170,25,0.332220
10,30,0.170095
15,30,0.197830
20,30,0.210265
25,30,0.221050
30,30,0.180125
35,30,0.201300
40,30,0.181335
45,30,0.115295
50,30,0.052865
55,30,0.085390
60,30,0.151050
65,30,0.152690
70,30,0.196295
75,30,0.217335
80,30,0.204280
85,30,0.194020
90,30,0.192190
95,30,0.203900
100,30,0.223155
105,30,0.200960
110,30,0.110180
115,30,0.176610
120,30,0.132045
125,30,0.231840
130,30,0.310840
135,30,0.370840
140,30,0.386685
145,30,0.381970
150,30,0.364640
155,30,0.417090
160,30,0.414095
165,30,0.334820
170,30,0.327010
10,35,0.169040
15,35,0.186490
20,35,0.198165
25,35,0.179390
30,35,0.175905
35,35,0.202770
40,35,0.206540
45,35,0.167465
50,35,0.058590
55,35,0.110470
60,35,0.108825
65,35,0.173725
70,35,0.163735
75,35,0.176785
80,35,0.178040
85,35,0.196305
90,35,0.226935
95,35,0.221575
100,35,0.168445
105,35,0.203070
110,35,0.102285
115,35,0.071790
120,35,0.086970
125,35,0.116690
130,35,0.240810
135,35,0.297795
140,35,0.386250
145,35,0.438800
150,35,0.419975
155,35,0.418495
160,35,0.400575
165,35,0.312785
170,35,0.342505
10,40,0.144885
15,40,0.175920
20,40,0.186140
25,40,0.185855
30,40,0.200860
35,40,0.220275
40,40,0.208675
45,40,0.198930
50,40,0.168035
55,40,0.134555
60,40,0.116060
65,40,0.211670
70,40,0.247790
75,40,0.250440
80,40,0.239885
85,40,0.273065
90,40,0.282375
95,40,0.270690
100,40,0.233745
105,40,0.145250
110,40,0.066390
115,40,0.022825
120,40,0.070120
125,40,0.200350
130,40,0.273030
135,40,0.328645
140,40,0.413085
145,40,0.461175
150,40,0.444910
155,40,0.416575
160,40,0.320270
165,40,0.373675
170,40,0.355035
10,45,0.119000
15,45,0.175330
20,45,0.173260
25,45,0.150020
30,45,0.224680
35,45,0.259195
40,45,0.243165
45,45,0.216720
50,45,0.195805
55,45,0.159225
60,45,0.180645
65,45,0.198480
70,45,0.238220
75,45,0.293275
80,45,0.304945
85,45,0.331950
90,45,0.341325
95,45,0.303715
100,45,0.284250
105,45,0.209440
110,45,0.175020
115,45,0.156460
120,45,0.135400
125,45,0.184805
130,45,0.270515
135,45,0.341685
140,45,0.420250
145,45,0.444815
150,45,0.423995
155,45,0.313960
160,45,0.376955
165,45,0.358885
170,45,0.353145
10,50,0.144250
15,50,0.174035
20,50,0.154415
25,50,0.196530
30,50,0.261930
35,50,0.290180
40,50,0.282990
45,50,0.271070
50,50,0.234560
55,50,0.205040
60,50,0.211780
65,50,0.226830
70,50,0.236375
75,50,0.276330
80,50,0.301070
85,50,0.309655
90,50,0.305990
95,50,0.276125
100,50,0.251055
105,50,0.242160
110,50,0.286820
115,50,0.317705
120,50,0.314900
125,50,0.291845
130,50,0.230695
135,50,0.324135
140,50,0.381755
145,50,0.385060
150,50,0.344065
155,50,0.371860
160,50,0.397265
165,50,0.336300
170,50,0.325685
10,55,0.136555
15,55,0.171530
20,55,0.144605
25,55,0.233750
30,55,0.285630
35,55,0.296365
40,55,0.329315
45,55,0.330150
50,55,0.301195
55,55,0.277575
60,55,0.239990
65,55,0.277020
70,55,0.306865
75,55,0.303140
80,55,0.298250
85,55,0.324035
90,55,0.340005
95,55,0.344220
100,55,0.365040
105,55,0.346095
110,55,0.365700
115,55,0.376135
120,55,0.368935
125,55,0.359590
130,55,0.342405
135,55,0.289400
140,55,0.289090
145,55,0.317385
150,55,0.374460
155,55,0.346580
160,55,0.372935
165,55,0.329305
170,55,0.299585
10,60,0.154235
15,60,0.139105
20,60,0.154650
25,60,0.253945
30,60,0.282400
35,60,0.315815
40,60,0.360930
45,60,0.350405
50,60,0.363610
55,60,0.365495
60,60,0.332760
65,60,0.331560
70,60,0.335165
75,60,0.336745
80,60,0.362320
85,60,0.391605
90,60,0.402815
95,60,0.386800
100,60,0.420060
105,60,0.407755
110,60,0.372895
115,60,0.368225
120,60,0.352360
125,60,0.338570
130,60,0.331795
135,60,0.305175
140,60,0.257025
145,60,0.263205
150,60,0.263365
155,60,0.273725
160,60,0.277460
165,60,0.283445
170,60,0.294735
10,65,0.171235
15,65,0.155735
20,65,0.162495
25,65,0.247205
30,65,0.295830
35,65,0.323305
40,65,0.345765
45,65,0.359135
50,65,0.387905
55,65,0.376435
60,65,0.347185
65,65,0.343445
70,65,0.346625
75,65,0.348780
80,65,0.373485
85,65,0.393995
90,65,0.391460
95,65,0.363820
100,65,0.357835
105,65,0.365355
110,65,0.360880
115,65,0.350025
120,65,0.331405
125,65,0.291130
130,65,0.295390
135,65,0.296185
140,65,0.260515
145,65,0.237235
150,65,0.266060
155,65,0.279090
160,65,0.295735
165,65,0.314455
170,65,0.307695
10,70,0.187215
15,70,0.157735
20,70,0.178740
25,70,0.261460
30,70,0.309670
35,70,0.323660
40,70,0.321785
45,70,0.369250
50,70,0.369795
55,70,0.349935
60,70,0.328165
65,70,0.329455
70,70,0.326005
75,70,0.325620
80,70,0.329075
85,70,0.342005
90,70,0.342580
95,70,0.348115
100,70,0.347310
105,70,0.334085
110,70,0.382270
115,70,0.388645
120,70,0.362335
125,70,0.301530
130,70,0.232415
135,70,0.280460
140,70,0.259635
145,70,0.247515
150,70,0.256395
155,70,0.253795
160,70,0.268020
165,70,0.288445
170,70,0.291100
10,75,0.201710
15,75,0.168145
20,75,0.212420
25,75,0.246045
30,75,0.308220
35,75,0.337830
40,75,0.348980
45,75,0.363375
50,75,0.368065
55,75,0.356695
60,75,0.340365
65,75,0.332240
70,75,0.327660
75,75,0.324030
80,75,0.327245
85,75,0.334230
90,75,0.337975
95,75,0.412300
100,75,0.445755
105,75,0.453450
110,75,0.444855
115,75,0.430645
120,75,0.408805
125,75,0.397145
130,75,0.292640
135,75,0.194355
140,75,0.190020
145,75,0.238325
150,75,0.266120
155,75,0.269885
160,75,0.278645
165,75,0.307105
170,75,0.296945
10,80,0.202835
15,80,0.212745
20,80,0.160690
25,80,0.237675
30,80,0.269060
35,80,0.277685
40,80,0.307505
45,80,0.330965
50,80,0.375505
55,80,0.379975
60,80,0.369805
65,80,0.365685
70,80,0.354410
75,80,0.356540
80,80,0.374525
85,80,0.438740
90,80,0.478100
95,80,0.506570
100,80,0.519360
105,80,0.523615
110,80,0.501210
115,80,0.470085
120,80,0.431495
125,80,0.403765
130,80,0.378220
135,80,0.329130
140,80,0.227075
145,80,0.287605
150,80,0.279280
155,80,0.292080
160,80,0.287990
165,80,0.309150
170,80,0.306750
10,85,0.178150
15,85,0.214950
20,85,0.228025
25,85,0.227505
30,85,0.213695
35,85,0.218660
40,85,0.220100
45,85,0.170805
50,85,0.308950
55,85,0.397545
60,85,0.434960
65,85,0.472335
70,85,0.420730
75,85,0.437245
80,85,0.452705
85,85,0.449435
90,85,0.481115
95,85,0.511255
100,85,0.524710
105,85,0.530815
110,85,0.503785
115,85,0.469120
120,85,0.436650
125,85,0.404320
130,85,0.358270
135,85,0.332720
140,85,0.284975
145,85,0.315560
150,85,0.296970
155,85,0.314300
160,85,0.295820
165,85,0.311900
170,85,0.309475
10,90,0.118955
15,90,0.163620
20,90,0.201220
25,90,0.209870
30,90,0.192410
35,90,0.186240
40,90,0.167125
45,90,0.188670
50,90,0.235640
55,90,0.376335
60,90,0.286945
65,90,0.312855
70,90,0.353800
75,90,0.351410
80,90,0.277130
85,90,0.312075
90,90,0.311315
95,90,0.349585
100,90,0.452085
105,90,0.422000
110,90,0.429095
115,90,0.414985
120,90,0.378385
125,90,0.347695
130,90,0.347150
135,90,0.329525
140,90,0.285880
145,90,0.306040
150,90,0.295495
155,90,0.334550
160,90,0.308555
165,90,0.305315
170,90,0.301720
10,95,0.129315
15,95,0.107260
20,95,0.127200
25,95,0.131985
30,95,0.104325
35,95,0.138595
40,95,0.175965
45,95,0.210235
50,95,0.244000
55,95,0.177060
60,95,0.220125
65,95,0.252335
70,95,0.236660
75,95,0.236240
80,95,0.252380
85,95,0.232555
90,95,0.284740
95,95,0.315095
100,95,0.182600
105,95,0.087585
110,95,0.069545
115,95,0.062865
120,95,0.157465
125,95,0.277095
130,95,0.302150
135,95,0.281485
140,95,0.283625
145,95,0.305075
150,95,0.301810
155,95,0.333840
160,95,0.313130
165,95,0.306215
170,95,0.293680
10,100,0.180000
15,100,0.165490
20,100,0.177570
25,100,0.205940
30,100,0.217485
35,100,0.232580
40,100,0.250955
45,100,0.244555
50,100,0.251180
55,100,0.288220
60,100,0.333090
65,100,0.324130
70,100,0.275835
75,100,0.209930
80,100,0.225030
85,100,0.279410
90,100,0.173505
95,100,0.315970
100,100,0.345325
105,100,0.229725
110,100,0.168695
115,100,0.062735
120,100,0.009020
125,100,0.028100
130,100,0.185230
135,100,0.269780
140,100,0.281780
145,100,0.315740
150,100,0.306530
155,100,0.327910
160,100,0.318800
165,100,0.287010
170,100,0.284015
10,105,0.199470
15,105,0.212385
20,105,0.233870
25,105,0.234805
30,105,0.244815
35,105,0.229230
40,105,0.207490
45,105,0.210285
50,105,0.206505
55,105,0.221210
60,105,0.261230
65,105,0.331500
70,105,0.318980
75,105,0.317385
80,105,0.292375
85,105,0.275855
90,105,0.253440
95,105,0.265020
100,105,0.261510
105,105,0.174370
110,105,0.118295
115,105,0.078305
120,105,0.005950
125,105,0.002400
130,105,0.142770
135,105,0.252855
140,105,0.294935
145,105,0.327760
150,105,0.320875
155,105,0.334245
160,105,0.318085
165,105,0.283090
170,105,0.283980
10,110,0.221805
15,110,0.252070
20,110,0.263250
25,110,0.228865
30,110,0.227805
35,110,0.216955
40,110,0.185620
45,110,0.159405
50,110,0.162765
55,110,0.145800
60,110,0.226390
65,110,0.256830
70,110,0.370115
75,110,0.362835
80,110,0.314270
85,110,0.262250
90,110,0.225150
95,110,0.249725
100,110,0.249980
105,110,0.175410
110,110,0.151715
115,110,0.130120
120,110,0.098785
125,110,0.158230
130,110,0.243735
135,110,0.266795
140,110,0.319145
145,110,0.352820
150,110,0.326205
155,110,0.331595
160,110,0.324515
165,110,0.280065
170,110,0.284595
10,115,0.223645
15,115,0.246965
20,115,0.212475
25,115,0.208605
30,115,0.202245
35,115,0.197730
40,115,0.176340
45,115,0.198260
50,115,0.223965
55,115,0.243895
60,115,0.185205
65,115,0.308920
70,115,0.297340
75,115,0.269860
80,115,0.250675
85,115,0.218410
90,115,0.235455
95,115,0.210870
100,115,0.134585
105,115,0.108020
110,115,0.123700
115,115,0.113200
120,115,0.193455
125,115,0.254550
130,115,0.287780
135,115,0.307335
140,115,0.337845
145,115,0.363375
150,115,0.325295
155,115,0.340245
160,115,0.322885
165,115,0.281710
170,115,0.275530
10,120,0.193090
15,120,0.199665
20,120,0.156060
25,120,0.179510
30,120,0.182755
35,120,0.169765
40,120,0.171225
45,120,0.158310
50,120,0.201500
55,120,0.241395
60,120,0.219570
65,120,0.222310
70,120,0.243300
75,120,0.272600
80,120,0.265390
85,120,0.296925
90,120,0.277955
95,120,0.199130
100,120,0.192790
105,120,0.109600
110,120,0.144845
115,120,0.155165
120,120,0.204590
125,120,0.288010
130,120,0.306390
135,120,0.320835
140,120,0.343570
145,120,0.360990
150,120,0.348355
155,120,0.354395
160,120,0.315440
165,120,0.285320
170,120,0.276745
10,125,0.160140
15,125,0.144870
20,125,0.137460
25,125,0.146110
30,125,0.130805
35,125,0.133205
40,125,0.143230
45,125,0.129430
50,125,0.121445
55,125,0.131150
60,125,0.155450
65,125,0.181710
70,125,0.249520
75,125,0.244580
80,125,0.222295
85,125,0.211800
90,125,0.188735
95,125,0.181265
100,125,0.232320
105,125,0.253920
110,125,0.237895
115,125,0.236690
120,125,0.262070
125,125,0.301455
130,125,0.351450
135,125,0.356235
140,125,0.344940
145,125,0.360715
150,125,0.365750
155,125,0.350365
160,125,0.304915
165,125,0.292590
170,125,0.260495
10,130,0.125770
15,130,0.127195
20,130,0.112020
25,130,0.189450
30,130,0.203060
35,130,0.202040
40,130,0.169460
45,130,0.136425
50,130,0.129605
55,130,0.144725
60,130,0.182375
65,130,0.126525
70,130,0.175410
75,130,0.230815
80,130,0.233460
85,130,0.245220
90,130,0.271995
95,130,0.274320
100,130,0.243210
105,130,0.219750
110,130,0.359285
115,130,0.350805
120,130,0.366380
125,130,0.354425
130,130,0.395050
135,130,0.384385
140,130,0.374650
145,130,0.364245
150,130,0.368110
155,130,0.348965
160,130,0.294205
165,130,0.283695
170,130,0.276335
10,135,0.113765
15,135,0.100105
20,135,0.186655
25,135,0.253935
30,135,0.240625
35,135,0.221945
40,135,0.181045
45,135,0.135125
50,135,0.103970
55,135,0.215145
60,135,0.244055
65,135,0.243940
70,135,0.210600
75,135,0.156955
80,135,0.159935
85,135,0.193250
90,135,0.229785
95,135,0.259710
100,135,0.265085
105,135,0.270270
110,135,0.434895
115,135,0.426270
120,135,0.413285
125,135,0.442650
130,135,0.458390
135,135,0.419950
140,135,0.401645
145,135,0.387440
150,135,0.381450
155,135,0.338500
160,135,0.302600
165,135,0.264730
170,135,0.272890
10,140,0.096710
15,140,0.140435
20,140,0.239010
25,140,0.266215
30,140,0.253765
35,140,0.239895
40,140,0.176370
45,140,0.157800
50,140,0.198775
55,140,0.240200
60,140,0.225175
65,140,0.234870
70,140,0.209420
75,140,0.194495
80,140,0.187535
85,140,0.215345
90,140,0.238520
95,140,0.265800
100,140,0.288975
105,140,0.314095
110,140,0.321405
115,140,0.283815
120,140,0.323620
125,140,0.392905
130,140,0.402395
135,140,0.446330
140,140,0.409670
145,140,0.399790
150,140,0.372520
155,140,0.331995
160,140,0.291625
165,140,0.271220
170,140,0.250640
10,145,0.083740
15,145,0.195565
20,145,0.253515
25,145,0.264900
30,145,0.266345
35,145,0.251735
40,145,0.172315
45,145,0.194525
50,145,0.229930
55,145,0.213160
60,145,0.219895
65,145,0.219360
70,145,0.217760
75,145,0.214925
80,145,0.241055
85,145,0.249335
90,145,0.275445
95,145,0.278900
100,145,0.289070
105,145,0.317275
110,145,0.311155
115,145,0.305080
120,145,0.332075
125,145,0.323605
130,145,0.383530
135,145,0.353015
140,145,0.423290
145,145,0.376905
150,145,0.342350
155,145,0.318455
160,145,0.272675
165,145,0.253565
170,145,0.254585
10,150,0.116485
15,150,0.222375
20,150,0.256205
25,150,0.268970
30,150,0.286335
35,150,0.271900
40,150,0.192760
45,150,0.233195
50,150,0.211635
55,150,0.191125
60,150,0.097660
65,150,0.139550
70,150,0.152795
75,150,0.139805
80,150,0.183000
85,150,0.242510
90,150,0.277535
95,150,0.321080
100,150,0.341730
105,150,0.328695
110,150,0.348250
115,150,0.337520
120,150,0.299230
125,150,0.286530
130,150,0.283970
135,150,0.302475
140,150,0.324020
145,150,0.346030
150,150,0.317875
155,150,0.274205
160,150,0.246230
165,150,0.228875
170,150,0.229425
10,155,0.152665
15,155,0.224605
20,155,0.257335
25,155,0.290775
30,155,0.278155
35,155,0.252715
40,155,0.212705
45,155,0.203355
50,155,0.169415
55,155,0.136715
60,155,0.149900
65,155,0.169660
70,155,0.197840
75,155,0.220390
80,155,0.235075
85,155,0.192445
90,155,0.237965
95,155,0.303785
100,155,0.315570
105,155,0.328305
110,155,0.347660
115,155,0.342795
120,155,0.301590
125,155,0.249800
130,155,0.215970
135,155,0.271570
140,155,0.290550
145,155,0.241060
150,155,0.245980
155,155,0.206980
160,155,0.208250
165,155,0.210210
170,155,0.219485
10,160,0.169850
15,160,0.223045
20,160,0.255340
25,160,0.258585
30,160,0.260235
35,160,0.252030
40,160,0.208245
45,160,0.182905
50,160,0.156370
55,160,0.141185
60,160,0.084285
65,160,0.150040
70,160,0.180825
75,160,0.213680
80,160,0.238645
85,160,0.275790
90,160,0.293485
95,160,0.282880
100,160,0.260380
105,160,0.257215
110,160,0.295995
115,160,0.309410
120,160,0.269065
125,160,0.225005
130,160,0.139700
135,160,0.213215
140,160,0.200235
145,160,0.201315
150,160,0.169180
155,160,0.174235
160,160,0.173415
165,160,0.197510
170,160,0.212335
10,165,0.171915
15,165,0.210690
20,165,0.226995
25,165,0.236605
30,165,0.226880
35,165,0.212805
40,165,0.155770
45,165,0.090585
50,165,0.134340
55,165,0.087175
60,165,0.092465
65,165,0.085820
70,165,0.118810
75,165,0.153395
80,165,0.198835
85,165,0.254370
90,165,0.294730
95,165,0.346775
100,165,0.346480
105,165,0.312725
110,165,0.310285
115,165,0.331765
120,165,0.304655
125,165,0.256440
130,165,0.263635
135,165,0.152340
140,165,0.209470
145,165,0.227380
150,165,0.179595
155,165,0.162585
160,165,0.167485
165,165,0.197415
170,165,0.210250
10,170,0.167355
15,170,0.194635
20,170,0.198930
25,170,0.192570
30,170,0.174810
35,170,0.120520
40,170,0.097130
45,170,0.072255
50,170,0.099260
55,170,0.147905
60,170,0.169845
65,170,0.102080
70,170,0.134695
75,170,0.166655
80,170,0.228200
85,170,0.280075
90,170,0.305605
95,170,0.306385
100,170,0.289090
105,170,0.296100
110,170,0.266080
115,170,0.187715
120,170,0.190105
125,170,0.234045
130,170,0.242540
135,170,0.183950
140,170,0.221140
145,170,0.222235
150,170,0.178650
155,170,0.145360
160,170,0.161135
165,170,0.194525
170,170,0.202210
10,175,0.156190
15,175,0.178245
20,175,0.169460
25,175,0.148845
30,175,0.098695
35,175,0.011515
40,175,0.035675
45,175,0.142345
50,175,0.180000
55,175,0.216515
60,175,0.221355
65,175,0.138075
70,175,0.118115
75,175,0.128125
80,175,0.143390
85,175,0.209180
90,175,0.245765
95,175,0.284885
100,175,0.264265
105,175,0.276460
110,175,0.250910
115,175,0.160085
120,175,0.193885
125,175,0.199155
130,175,0.134100
135,175,0.173785
140,175,0.222500
145,175,0.227750
150,175,0.166095
155,175,0.141550
160,175,0.174820
165,175,0.202040
170,175,0.209975
