10 -180 0.1516
15 -180 0.1485
20 -180 0.1240
25 -180 0.1025
30 -180 0.0126
35 -180 0.0071
40 -180 0.0440
45 -180 0.1534
50 -180 0.1588
55 -180 0.2011
60 -180 0.1596
65 -180 0.1544
70 -180 0.1989
75 -180 0.1728
80 -180 0.1781
85 -180 0.2437
90 -180 0.3051
95 -180 0.3058
100 -180 0.3152
105 -180 0.2918
110 -180 0.2548
115 -180 0.2443
120 -180 0.1264
125 -180 0.0777
130 -180 0.0731
135 -180 0.1797
140 -180 0.2267
145 -180 0.1996
150 -180 0.1185
155 -180 0.1688
160 -180 0.2014
165 -180 0.2056
170 -180 0.2108
10 -175 0.1137
15 -175 0.0786
20 -175 0.1074
25 -175 0.0297
30 -175 0.0037
35 -175 0.0096
40 -175 0.0926
45 -175 0.1297
50 -175 0.1783
55 -175 0.1552
60 -175 0.2246
65 -175 0.2374
70 -175 0.2152
75 -175 0.1980
80 -175 0.2164
85 -175 0.2519
90 -175 0.2705
95 -175 0.2713
100 -175 0.3114
105 -175 0.3391
110 -175 0.3545
115 -175 0.3330
120 -175 0.3133
125 -175 0.1339
130 -175 0.2789
135 -175 0.1413
140 -175 0.1642
145 -175 0.1695
150 -175 0.1678
155 -175 0.1821
160 -175 0.2008
165 -175 0.2221
170 -175 0.2246
10 -170 0.0743
15 -170 0.1132
20 -170 0.0754
25 -170 0.0019
30 -170 0.0016
35 -170 0.0531
40 -170 0.1262
45 -170 0.1396
50 -170 0.1450
55 -170 0.2160
60 -170 0.2647
65 -170 0.2425
70 -170 0.2086
75 -170 0.2146
80 -170 0.2251
85 -170 0.2552
90 -170 0.2830
95 -170 0.3034
100 -170 0.3204
105 -170 0.3044
110 -170 0.2934
115 -170 0.3294
120 -170 0.3790
125 -170 0.3607
130 -170 0.2990
135 -170 0.2429
140 -170 0.2513
145 -170 0.1848
150 -170 0.1762
155 -170 0.1941
160 -170 0.2160
165 -170 0.2341
170 -170 0.2284
10 -165 0.1045
15 -165 0.1054
20 -165 0.0169
25 -165 0.0015
30 -165 0.0135
35 -165 0.0530
40 -165 0.1726
45 -165 0.1420
50 -165 0.2011
55 -165 0.2656
60 -165 0.2419
65 -165 0.2151
70 -165 0.2334
75 -165 0.2500
80 -165 0.2566
85 -165 0.2588
90 -165 0.2783
95 -165 0.2784
100 -165 0.2799
105 -165 0.2693
110 -165 0.2684
115 -165 0.2789
120 -165 0.2810
125 -165 0.3077
130 -165 0.2954
135 -165 0.2508
140 -165 0.2765
145 -165 0.2505
150 -165 0.2074
155 -165 0.2162
160 -165 0.2327
165 -165 0.2390
170 -165 0.2397
10 -160 0.1037
15 -160 0.1038
20 -160 0.0027
25 -160 0.0056
30 -160 0.0490
35 -160 0.1838
40 -160 0.2086
45 -160 0.1904
50 -160 0.2181
55 -160 0.2826
60 -160 0.2674
65 -160 0.2527
70 -160 0.2275
75 -160 0.2388
80 -160 0.2406
85 -160 0.2654
90 -160 0.2713
95 -160 0.2691
100 -160 0.2499
105 -160 0.2411
110 -160 0.2424
115 -160 0.2512
120 -160 0.2590
125 -160 0.2605
130 -160 0.2824
135 -160 0.3183
140 -160 0.2861
145 -160 0.2590
150 -160 0.2290
155 -160 0.2272
160 -160 0.2445
165 -160 0.2505
170 -160 0.2645
10 -155 0.1111
15 -155 0.0671
20 -155 0.0059
25 -155 0.0231
30 -155 0.0598
35 -155 0.2204
40 -155 0.2197
45 -155 0.2593
50 -155 0.3072
55 -155 0.3346
60 -155 0.2511
65 -155 0.2590
70 -155 0.2844
75 -155 0.2898
80 -155 0.2607
85 -155 0.2086
90 -155 0.2012
95 -155 0.1963
100 -155 0.1885
105 -155 0.1831
110 -155 0.1662
115 -155 0.1682
120 -155 0.1744
125 -155 0.1910
130 -155 0.3149
135 -155 0.3222
140 -155 0.2650
145 -155 0.2625
150 -155 0.2299
155 -155 0.2399
160 -155 0.2572
165 -155 0.2640
170 -155 0.2846
10 -150 0.1084
15 -150 0.0161
20 -150 0.0229
25 -150 0.0718
30 -150 0.1662
35 -150 0.2540
40 -150 0.2825
45 -150 0.2841
50 -150 0.2992
55 -150 0.3057
60 -150 0.2239
65 -150 0.3707
70 -150 0.4137
75 -150 0.3940
80 -150 0.3899
85 -150 0.3824
90 -150 0.3474
95 -150 0.3090
100 -150 0.2747
105 -150 0.2585
110 -150 0.2638
115 -150 0.2682
120 -150 0.2791
125 -150 0.2871
130 -150 0.3058
135 -150 0.3139
140 -150 0.2638
145 -150 0.2582
150 -150 0.2366
155 -150 0.2445
160 -150 0.2654
165 -150 0.2802
170 -150 0.3047
10 -145 0.0819
15 -145 0.0202
20 -145 0.0421
25 -145 0.0943
30 -145 0.2556
35 -145 0.2755
40 -145 0.2957
45 -145 0.2888
50 -145 0.2909
55 -145 0.2439
60 -145 0.2674
65 -145 0.3608
70 -145 0.4039
75 -145 0.3738
80 -145 0.3559
85 -145 0.3387
90 -145 0.3097
95 -145 0.2855
100 -145 0.2689
105 -145 0.2611
110 -145 0.2578
115 -145 0.2653
120 -145 0.2618
125 -145 0.2762
130 -145 0.2917
135 -145 0.2869
140 -145 0.2695
145 -145 0.2610
150 -145 0.2477
155 -145 0.2537
160 -145 0.2757
165 -145 0.2871
170 -145 0.3039
10 -140 0.0323
15 -140 0.0506
20 -140 0.0746
25 -140 0.1920
30 -140 0.2953
35 -140 0.2913
40 -140 0.2941
45 -140 0.2839
50 -140 0.2748
55 -140 0.2710
60 -140 0.2365
65 -140 0.2711
70 -140 0.2959
75 -140 0.3071
80 -140 0.2975
85 -140 0.2801
90 -140 0.2695
95 -140 0.2528
100 -140 0.2470
105 -140 0.2309
110 -140 0.2349
115 -140 0.2420
120 -140 0.2488
125 -140 0.2581
130 -140 0.2745
135 -140 0.2590
140 -140 0.2789
145 -140 0.2623
150 -140 0.2666
155 -140 0.2741
160 -140 0.2793
165 -140 0.3094
170 -140 0.3497
10 -135 0.0602
15 -135 0.0629
20 -135 0.1177
25 -135 0.2932
30 -135 0.3068
35 -135 0.3224
40 -135 0.3095
45 -135 0.2823
50 -135 0.2681
55 -135 0.2622
60 -135 0.2500
65 -135 0.2457
70 -135 0.2237
75 -135 0.2149
80 -135 0.2106
85 -135 0.1946
90 -135 0.1837
95 -135 0.1819
100 -135 0.1815
105 -135 0.1925
110 -135 0.2080
115 -135 0.2133
120 -135 0.2273
125 -135 0.2440
130 -135 0.2260
135 -135 0.2798
140 -135 0.2794
145 -135 0.2821
150 -135 0.2748
155 -135 0.2835
160 -135 0.2987
165 -135 0.3071
170 -135 0.3767
10 -130 0.0719
15 -130 0.0991
20 -130 0.1611
25 -130 0.3161
30 -130 0.3319
35 -130 0.3530
40 -130 0.3157
45 -130 0.3016
50 -130 0.2689
55 -130 0.2388
60 -130 0.2149
65 -130 0.1956
70 -130 0.1666
75 -130 0.1330
80 -130 0.1447
85 -130 0.0763
90 -130 0.0674
95 -130 0.0668
100 -130 0.1626
105 -130 0.1872
110 -130 0.1988
115 -130 0.1994
120 -130 0.1926
125 -130 0.2498
130 -130 0.2504
135 -130 0.2479
140 -130 0.2204
145 -130 0.2677
150 -130 0.2787
155 -130 0.2971
160 -130 0.2940
165 -130 0.3168
170 -130 0.3663
10 -125 0.0451
15 -125 0.1336
20 -125 0.2574
25 -125 0.3167
30 -125 0.3703
35 -125 0.3777
40 -125 0.2970
45 -125 0.2856
50 -125 0.2458
55 -125 0.2292
60 -125 0.2177
65 -125 0.2089
70 -125 0.1566
75 -125 0.1093
80 -125 0.0875
85 -125 0.0176
90 -125 0.0052
95 -125 0.1125
100 -125 0.1163
105 -125 0.1530
110 -125 0.1630
115 -125 0.1956
120 -125 0.2121
125 -125 0.2146
130 -125 0.2000
135 -125 0.1722
140 -125 0.2150
145 -125 0.2568
150 -125 0.2809
155 -125 0.2844
160 -125 0.2841
165 -125 0.3273
170 -125 0.3472
10 -120 0.0686
15 -120 0.1673
20 -120 0.2592
25 -120 0.3056
30 -120 0.3929
35 -120 0.3479
40 -120 0.2880
45 -120 0.2679
50 -120 0.2479
55 -120 0.2080
60 -120 0.1620
65 -120 0.0864
70 -120 0.0974
75 -120 0.0461
80 -120 0.0037
85 -120 0.0674
90 -120 0.1294
95 -120 0.1264
100 -120 0.1104
105 -120 0.0998
110 -120 0.0843
115 -120 0.1137
120 -120 0.1265
125 -120 0.1276
130 -120 0.1116
135 -120 0.1640
140 -120 0.2189
145 -120 0.2562
150 -120 0.2607
155 -120 0.2732
160 -120 0.2607
165 -120 0.3141
170 -120 0.3318
10 -115 0.0739
15 -115 0.1777
20 -115 0.2649
25 -115 0.3227
30 -115 0.3687
35 -115 0.2977
40 -115 0.2483
45 -115 0.2532
50 -115 0.2047
55 -115 0.1609
60 -115 0.0833
65 -115 0.0421
70 -115 0.0057
75 -115 0.0040
80 -115 0.0620
85 -115 0.0810
90 -115 0.1113
95 -115 0.1640
100 -115 0.1585
105 -115 0.2230
110 -115 0.2259
115 -115 0.2128
120 -115 0.1166
125 -115 0.1688
130 -115 0.1311
135 -115 0.1625
140 -115 0.2148
145 -115 0.2369
150 -115 0.2526
155 -115 0.2421
160 -115 0.2781
165 -115 0.2938
170 -115 0.3071
10 -110 0.1095
15 -110 0.1761
20 -110 0.2747
25 -110 0.3291
30 -110 0.3363
35 -110 0.2931
40 -110 0.2306
45 -110 0.2273
50 -110 0.1840
55 -110 0.1545
60 -110 0.1330
65 -110 0.0092
70 -110 0.0017
75 -110 0.0613
80 -110 0.0815
85 -110 0.1252
90 -110 0.1099
95 -110 0.2162
100 -110 0.2191
105 -110 0.2287
110 -110 0.2046
115 -110 0.1090
120 -110 0.1709
125 -110 0.1798
130 -110 0.1540
135 -110 0.1432
140 -110 0.1986
145 -110 0.2225
150 -110 0.2307
155 -110 0.2375
160 -110 0.2713
165 -110 0.2724
170 -110 0.2657
10 -105 0.1495
15 -105 0.1976
20 -105 0.2853
25 -105 0.3250
30 -105 0.3132
35 -105 0.2739
40 -105 0.2119
45 -105 0.2024
50 -105 0.1761
55 -105 0.1854
60 -105 0.1768
65 -105 0.1129
70 -105 0.0401
75 -105 0.0678
80 -105 0.0709
85 -105 0.1939
90 -105 0.2235
95 -105 0.1576
100 -105 0.1864
105 -105 0.1818
110 -105 0.1604
115 -105 0.1320
120 -105 0.1148
125 -105 0.1048
130 -105 0.1291
135 -105 0.1029
140 -105 0.1570
145 -105 0.1905
150 -105 0.2200
155 -105 0.2359
160 -105 0.2392
165 -105 0.2405
170 -105 0.1697
10 -100 0.1583
15 -100 0.2093
20 -100 0.2912
25 -100 0.3051
30 -100 0.3096
35 -100 0.2625
40 -100 0.1947
45 -100 0.1853
50 -100 0.1764
55 -100 0.1274
60 -100 0.1194
65 -100 0.0980
70 -100 0.0856
75 -100 0.0554
80 -100 0.0113
85 -100 0.0248
90 -100 0.0412
95 -100 0.1398
100 -100 0.1411
105 -100 0.1382
110 -100 0.1358
115 -100 0.1288
120 -100 0.1198
125 -100 0.1045
130 -100 0.1086
135 -100 0.0936
140 -100 0.1902
145 -100 0.2044
150 -100 0.1961
155 -100 0.1533
160 -100 0.1413
165 -100 0.1558
170 -100 0.2302
10 -95 0.1902
15 -95 0.2277
20 -95 0.2895
25 -95 0.2885
30 -95 0.2956
35 -95 0.2548
40 -95 0.2098
45 -95 0.1861
50 -95 0.1672
55 -95 0.1348
60 -95 0.0331
65 -95 0.0105
70 -95 0.0106
75 -95 0.0045
80 -95 0.0014
85 -95 0.0067
90 -95 0.0276
95 -95 0.0621
100 -95 0.0690
105 -95 0.0700
110 -95 0.0747
115 -95 0.0736
120 -95 0.0834
125 -95 0.0882
130 -95 0.0856
135 -95 0.0988
140 -95 0.1497
145 -95 0.1315
150 -95 0.1906
155 -95 0.2245
160 -95 0.2378
165 -95 0.2472
170 -95 0.2541
10 -90 0.2238
15 -90 0.2548
20 -90 0.2728
25 -90 0.2686
30 -90 0.2665
35 -90 0.2296
40 -90 0.2094
45 -90 0.1775
50 -90 0.1523
55 -90 0.0593
60 -90 0.0698
65 -90 0.1452
70 -90 0.1440
75 -90 0.1293
80 -90 0.0783
85 -90 0.0980
90 -90 0.0673
95 -90 0.0477
100 -90 0.0713
105 -90 0.0996
110 -90 0.1074
115 -90 0.1068
120 -90 0.1087
125 -90 0.1082
130 -90 0.1084
135 -90 0.0427
140 -90 0.1286
145 -90 0.2154
150 -90 0.2400
155 -90 0.2450
160 -90 0.2489
165 -90 0.2611
170 -90 0.2753
10 -85 0.2127
15 -85 0.2039
20 -85 0.2316
25 -85 0.2351
30 -85 0.2111
35 -85 0.1869
40 -85 0.1785
45 -85 0.1645
50 -85 0.1399
55 -85 0.0983
60 -85 0.0965
65 -85 0.1506
70 -85 0.1564
75 -85 0.1566
80 -85 0.1521
85 -85 0.1505
90 -85 0.1282
95 -85 0.1378
100 -85 0.1005
105 -85 0.0914
110 -85 0.0948
115 -85 0.0895
120 -85 0.0524
125 -85 0.0501
130 -85 0.0385
135 -85 0.0236
140 -85 0.1830
145 -85 0.2491
150 -85 0.2698
155 -85 0.2689
160 -85 0.2805
165 -85 0.2836
170 -85 0.2868
10 -80 0.1207
15 -80 0.0969
20 -80 0.1662
25 -80 0.1891
30 -80 0.1614
35 -80 0.1471
40 -80 0.1405
45 -80 0.1423
50 -80 0.1335
55 -80 0.0733
60 -80 0.1366
65 -80 0.1670
70 -80 0.1804
75 -80 0.1897
80 -80 0.1913
85 -80 0.2032
90 -80 0.1935
95 -80 0.1459
100 -80 0.1449
105 -80 0.1318
110 -80 0.1056
115 -80 0.0796
120 -80 0.0622
125 -80 0.0479
130 -80 0.0292
135 -80 0.0192
140 -80 0.1550
145 -80 0.2233
150 -80 0.2892
155 -80 0.3074
160 -80 0.2956
165 -80 0.2774
170 -80 0.2792
10 -75 0.0895
15 -75 0.1102
20 -75 0.0789
25 -75 0.1570
30 -75 0.1335
35 -75 0.1258
40 -75 0.1228
45 -75 0.1249
50 -75 0.1295
55 -75 0.1218
60 -75 0.1438
65 -75 0.1788
70 -75 0.2012
75 -75 0.2029
80 -75 0.2027
85 -75 0.2112
90 -75 0.2078
95 -75 0.1844
100 -75 0.1340
105 -75 0.0628
110 -75 0.0510
115 -75 0.0524
120 -75 0.0485
125 -75 0.0395
130 -75 0.0295
135 -75 0.0445
140 -75 0.1473
145 -75 0.2024
150 -75 0.3001
155 -75 0.3217
160 -75 0.3083
165 -75 0.3111
170 -75 0.3025
10 -70 0.0875
15 -70 0.0952
20 -70 0.0759
25 -70 0.1218
30 -70 0.1190
35 -70 0.1172
40 -70 0.1208
45 -70 0.1257
50 -70 0.1299
55 -70 0.1336
60 -70 0.1081
65 -70 0.1763
70 -70 0.2065
75 -70 0.1992
80 -70 0.1861
85 -70 0.1840
90 -70 0.1712
95 -70 0.1436
100 -70 0.1246
105 -70 0.0922
110 -70 0.0430
115 -70 0.0361
120 -70 0.0403
125 -70 0.0826
130 -70 0.1161
135 -70 0.0885
140 -70 0.1539
145 -70 0.1964
150 -70 0.2561
155 -70 0.3216
160 -70 0.3358
165 -70 0.3337
170 -70 0.3190
10 -65 0.0740
15 -65 0.0755
20 -65 0.0686
25 -65 0.1019
30 -65 0.1176
35 -65 0.1247
40 -65 0.1293
45 -65 0.1349
50 -65 0.1411
55 -65 0.1467
60 -65 0.1484
65 -65 0.1762
70 -65 0.2261
75 -65 0.2165
80 -65 0.2008
85 -65 0.1865
90 -65 0.1711
95 -65 0.1522
100 -65 0.1204
105 -65 0.0885
110 -65 0.0507
115 -65 0.0347
120 -65 0.0391
125 -65 0.0524
130 -65 0.0272
135 -65 0.1099
140 -65 0.1577
145 -65 0.1932
150 -65 0.2412
155 -65 0.3135
160 -65 0.3399
165 -65 0.3427
170 -65 0.3177
10 -60 0.0522
15 -60 0.0521
20 -60 0.0514
25 -60 0.0975
30 -60 0.1144
35 -60 0.1307
40 -60 0.1387
45 -60 0.1361
50 -60 0.1515
55 -60 0.1496
60 -60 0.1660
65 -60 0.1842
70 -60 0.1842
75 -60 0.2564
80 -60 0.2325
85 -60 0.2153
90 -60 0.1767
95 -60 0.1348
100 -60 0.0933
105 -60 0.0386
110 -60 0.0225
115 -60 0.0263
120 -60 0.0211
125 -60 0.0172
130 -60 0.0775
135 -60 0.1450
140 -60 0.1742
145 -60 0.2170
150 -60 0.2626
155 -60 0.3063
160 -60 0.3226
165 -60 0.3430
170 -60 0.3278
10 -55 0.0587
15 -55 0.0390
20 -55 0.0250
25 -55 0.0717
30 -55 0.1107
35 -55 0.0526
40 -55 0.1305
45 -55 0.1485
50 -55 0.1571
55 -55 0.1605
60 -55 0.1640
65 -55 0.1753
70 -55 0.2155
75 -55 0.2563
80 -55 0.2473
85 -55 0.2406
90 -55 0.1872
95 -55 0.1189
100 -55 0.0610
105 -55 0.0087
110 -55 0.0081
115 -55 0.0743
120 -55 0.0489
125 -55 0.1003
130 -55 0.1214
135 -55 0.1788
140 -55 0.1904
145 -55 0.2272
150 -55 0.2681
155 -55 0.3226
160 -55 0.3474
165 -55 0.3701
170 -55 0.3608
10 -50 0.0632
15 -50 0.0345
20 -50 0.0113
25 -50 0.0181
30 -50 0.0937
35 -50 0.1025
40 -50 0.1461
45 -50 0.1595
50 -50 0.1745
55 -50 0.1800
60 -50 0.1815
65 -50 0.1888
70 -50 0.2120
75 -50 0.2376
80 -50 0.2213
85 -50 0.1860
90 -50 0.1344
95 -50 0.1353
100 -50 0.1256
105 -50 0.0706
110 -50 0.1160
115 -50 0.1075
120 -50 0.1166
125 -50 0.1406
130 -50 0.1473
135 -50 0.1601
140 -50 0.1862
145 -50 0.2309
150 -50 0.2618
155 -50 0.3054
160 -50 0.3502
165 -50 0.3763
170 -50 0.3721
10 -45 0.0738
15 -45 0.0283
20 -45 0.0061
25 -45 0.0036
30 -45 0.0343
35 -45 0.1549
40 -45 0.1542
45 -45 0.1646
50 -45 0.1862
55 -45 0.1925
60 -45 0.1822
65 -45 0.1762
70 -45 0.1728
75 -45 0.2155
80 -45 0.2012
85 -45 0.1504
90 -45 0.1122
95 -45 0.1774
100 -45 0.1778
105 -45 0.1057
110 -45 0.1218
115 -45 0.1323
120 -45 0.1455
125 -45 0.1542
130 -45 0.1997
135 -45 0.1356
140 -45 0.1993
145 -45 0.2361
150 -45 0.2793
155 -45 0.3023
160 -45 0.3336
165 -45 0.3667
170 -45 0.3576
10 -40 0.0754
15 -40 0.0271
20 -40 0.0035
25 -40 0.0042
30 -40 0.0095
35 -40 0.1684
40 -40 0.1775
45 -40 0.1807
50 -40 0.1901
55 -40 0.1886
60 -40 0.1866
65 -40 0.1754
70 -40 0.1514
75 -40 0.1141
80 -40 0.1745
85 -40 0.1434
90 -40 0.1023
95 -40 0.1016
100 -40 0.1623
105 -40 0.1799
110 -40 0.1965
115 -40 0.1991
120 -40 0.1885
125 -40 0.1916
130 -40 0.1865
135 -40 0.1743
140 -40 0.2103
145 -40 0.2416
150 -40 0.2853
155 -40 0.3190
160 -40 0.3675
165 -40 0.3434
170 -40 0.3238
10 -35 0.0812
15 -35 0.0285
20 -35 0.0039
25 -35 0.0062
30 -35 0.0094
35 -35 0.1406
40 -35 0.1808
45 -35 0.1935
50 -35 0.2001
55 -35 0.1788
60 -35 0.1619
65 -35 0.1534
70 -35 0.1432
75 -35 0.1404
80 -35 0.1065
85 -35 0.0925
90 -35 0.0807
95 -35 0.0967
100 -35 0.1606
105 -35 0.1941
110 -35 0.1996
115 -35 0.2049
120 -35 0.1878
125 -35 0.1567
130 -35 0.1032
135 -35 0.2034
140 -35 0.2447
145 -35 0.2602
150 -35 0.2968
155 -35 0.3263
160 -35 0.3796
165 -35 0.3522
170 -35 0.3155
10 -30 0.0882
15 -30 0.0450
20 -30 0.0058
25 -30 0.0038
30 -30 0.0010
35 -30 0.0619
40 -30 0.1853
45 -30 0.1900
50 -30 0.1922
55 -30 0.1780
60 -30 0.1517
65 -30 0.1387
70 -30 0.1509
75 -30 0.1425
80 -30 0.1251
85 -30 0.1144
90 -30 0.0901
95 -30 0.1050
100 -30 0.1426
105 -30 0.1732
110 -30 0.1745
115 -30 0.1714
120 -30 0.1683
125 -30 0.1449
130 -30 0.2008
135 -30 0.1756
140 -30 0.2476
145 -30 0.2881
150 -30 0.3155
155 -30 0.3363
160 -30 0.3756
165 -30 0.3446
170 -30 0.3102
10 -25 0.0955
15 -25 0.0682
20 -25 0.0175
25 -25 0.0029
30 -25 0.0032
35 -25 0.0060
40 -25 0.1731
45 -25 0.1794
50 -25 0.1783
55 -25 0.1689
60 -25 0.1591
65 -25 0.1501
70 -25 0.1403
75 -25 0.1338
80 -25 0.1255
85 -25 0.0428
90 -25 0.0631
95 -25 0.0962
100 -25 0.1014
105 -25 0.0921
110 -25 0.0951
115 -25 0.1057
120 -25 0.1038
125 -25 0.1313
130 -25 0.2165
135 -25 0.2511
140 -25 0.2103
145 -25 0.2835
150 -25 0.3809
155 -25 0.3364
160 -25 0.3357
165 -25 0.3261
170 -25 0.2956
10 -20 0.1018
15 -20 0.0857
20 -20 0.0653
25 -20 0.0288
30 -20 0.0089
35 -20 0.0015
40 -20 0.0064
45 -20 0.0716
50 -20 0.1338
55 -20 0.0847
60 -20 0.1308
65 -20 0.1631
70 -20 0.1642
75 -20 0.1438
80 -20 0.1098
85 -20 0.0764
90 -20 0.0038
95 -20 0.0302
100 -20 0.0469
105 -20 0.0734
110 -20 0.0913
115 -20 0.0998
120 -20 0.1107
125 -20 0.1325
130 -20 0.1392
135 -20 0.2334
140 -20 0.2898
145 -20 0.2941
150 -20 0.3715
155 -20 0.3111
160 -20 0.2848
165 -20 0.2937
170 -20 0.2694
10 -15 0.1117
15 -15 0.1042
20 -15 0.0902
25 -15 0.0819
30 -15 0.0633
35 -15 0.0101
40 -15 0.0040
45 -15 0.0039
50 -15 0.0298
55 -15 0.1262
60 -15 0.1070
65 -15 0.0821
70 -15 0.1000
75 -15 0.1258
80 -15 0.1295
85 -15 0.0950
90 -15 0.0390
95 -15 0.0054
100 -15 0.0082
105 -15 0.0049
110 -15 0.0113
115 -15 0.0590
120 -15 0.1042
125 -15 0.1228
130 -15 0.1547
135 -15 0.1955
140 -15 0.2462
145 -15 0.2679
150 -15 0.3301
155 -15 0.2733
160 -15 0.2511
165 -15 0.2539
170 -15 0.2405
10 -10 0.1240
15 -10 0.1258
20 -10 0.1190
25 -10 0.0987
30 -10 0.0918
35 -10 0.0611
40 -10 0.0022
45 -10 0.0036
50 -10 0.0115
55 -10 0.0352
60 -10 0.0499
65 -10 0.0458
70 -10 0.0615
75 -10 0.0625
80 -10 0.0703
85 -10 0.0698
90 -10 0.0666
95 -10 0.0069
100 -10 0.0366
105 -10 0.0070
110 -10 0.0038
115 -10 0.0096
120 -10 0.0518
125 -10 0.0987
130 -10 0.1273
135 -10 0.1548
140 -10 0.1551
145 -10 0.2243
150 -10 0.2574
155 -10 0.2250
160 -10 0.2055
165 -10 0.2521
170 -10 0.2592
10 -5 0.1392
15 -5 0.1500
20 -5 0.1549
25 -5 0.1347
30 -5 0.0937
35 -5 0.1007
40 -5 0.0242
45 -5 0.0032
50 -5 0.0054
55 -5 0.0022
60 -5 0.0064
65 -5 0.0097
70 -5 0.0135
75 -5 0.0511
80 -5 0.0878
85 -5 0.1037
90 -5 0.1446
95 -5 0.1692
100 -5 0.0126
105 -5 0.0613
110 -5 0.0307
115 -5 0.0069
120 -5 0.0140
125 -5 0.0173
130 -5 0.0543
135 -5 0.0899
140 -5 0.1174
145 -5 0.1756
150 -5 0.1981
155 -5 0.1980
160 -5 0.2261
165 -5 0.2680
170 -5 0.2648
10 0 0.1640
15 0 0.1778
20 0 0.1877
25 0 0.1806
30 0 0.1473
35 0 0.0782
40 0 0.0676
45 0 0.0028
50 0 0.0064
55 0 0.0060
60 0 0.0080
65 0 0.0046
70 0 0.0080
75 0 0.0225
80 0 0.0689
85 0 0.1905
90 0 0.2521
95 0 0.2702
100 0 0.2525
105 0 0.2177
110 0 0.1356
115 0 0.1043
120 0 0.0102
125 0 0.0093
130 0 0.0071
135 0 0.0049
140 0 0.0970
145 0 0.1465
150 0 0.1941
155 0 0.2025
160 0 0.2145
165 0 0.2408
170 0 0.2394
10 5 0.1925
15 5 0.2165
20 5 0.2311
25 5 0.2153
30 5 0.1901
35 5 0.1356
40 5 0.0652
45 5 0.0066
50 5 0.0049
55 5 0.0065
60 5 0.0167
65 5 0.0408
70 5 0.0585
75 5 0.1419
80 5 0.2332
85 5 0.2768
90 5 0.3005
95 5 0.3186
100 5 0.3259
105 5 0.3194
110 5 0.2686
115 5 0.2472
120 5 0.2039
125 5 0.1329
130 5 0.0837
135 5 0.0693
140 5 0.1480
145 5 0.1404
150 5 0.1599
155 5 0.1763
160 5 0.1858
165 5 0.2200
170 5 0.2281
10 10 0.2190
15 10 0.2385
20 10 0.2434
25 10 0.2416
30 10 0.2369
35 10 0.1714
40 10 0.0953
45 10 0.0274
50 10 0.0190
55 10 0.0281
60 10 0.1116
65 10 0.2300
70 10 0.2580
75 10 0.2837
80 10 0.2966
85 10 0.3097
90 10 0.3100
95 10 0.3547
100 10 0.3451
105 10 0.3150
110 10 0.2869
115 10 0.2495
120 10 0.1959
125 10 0.1608
130 10 0.1490
135 10 0.1638
140 10 0.1618
145 10 0.1504
150 10 0.1710
155 10 0.1900
160 10 0.2014
165 10 0.2141
170 10 0.2283
10 15 0.2161
15 15 0.2276
20 15 0.2445
25 15 0.2518
30 15 0.2369
35 15 0.1873
40 15 0.1158
45 15 0.0281
50 15 0.0135
55 15 0.0342
60 15 0.0918
65 15 0.1990
70 15 0.2135
75 15 0.2262
80 15 0.2387
85 15 0.2709
90 15 0.3227
95 15 0.3606
100 15 0.3355
105 15 0.2865
110 15 0.2627
115 15 0.1814
120 15 0.1542
125 15 0.1839
130 15 0.1640
135 15 0.1931
140 15 0.2011
145 15 0.2138
150 15 0.2412
155 15 0.2492
160 15 0.2488
165 15 0.2648
170 15 0.2531
10 20 0.1978
15 20 0.2254
20 20 0.2375
25 20 0.2465
30 20 0.2256
35 20 0.1869
40 20 0.1315
45 20 0.0373
50 20 0.0186
55 20 0.0449
60 20 0.0758
65 20 0.1579
70 20 0.1897
75 20 0.2269
80 20 0.2465
85 20 0.2634
90 20 0.2938
95 20 0.3280
100 20 0.3043
105 20 0.2706
110 20 0.2395
115 20 0.1682
120 20 0.1751
125 20 0.2127
130 20 0.2464
135 20 0.2759
140 20 0.2967
145 20 0.3066
150 20 0.3127
155 20 0.3298
160 20 0.3379
165 20 0.3416
170 20 0.3100
10 25 0.1626
15 25 0.2156
20 25 0.2250
25 25 0.2351
30 25 0.2119
35 25 0.1822
40 25 0.1483
45 25 0.0719
50 25 0.0419
55 25 0.0481
60 25 0.0869
65 25 0.1042
70 25 0.2005
75 25 0.2172
80 25 0.2345
85 25 0.2509
90 25 0.2745
95 25 0.2982
100 25 0.2965
105 25 0.2712
110 25 0.1936
115 25 0.1556
120 25 0.2248
125 25 0.2661
130 25 0.3094
135 25 0.3459
140 25 0.3729
145 25 0.3984
150 25 0.3812
155 25 0.3797
160 25 0.3712
165 25 0.3703
170 25 0.3322
10 30 0.1701
15 30 0.1978
20 30 0.2103
25 30 0.2210
30 30 0.1801
35 30 0.2013
40 30 0.1813
45 30 0.1153
50 30 0.0529
55 30 0.0854
60 30 0.1510
65 30 0.1527
70 30 0.1963
75 30 0.2173
80 30 0.2043
85 30 0.1940
90 30 0.1922
95 30 0.2039
100 30 0.2232
105 30 0.2010
110 30 0.1102
115 30 0.1766
120 30 0.1320
125 30 0.2318
130 30 0.3108
135 30 0.3708
140 30 0.3867
145 30 0.3820
150 30 0.3646
155 30 0.4171
160 30 0.4141
165 30 0.3348
170 30 0.3270
10 35 0.1690
15 35 0.1865
20 35 0.1982
25 35 0.1794
30 35 0.1759
35 35 0.2028
40 35 0.2065
45 35 0.1675
50 35 0.0586
55 35 0.1105
60 35 0.1088
65 35 0.1737
70 35 0.1637
75 35 0.1768
80 35 0.1780
85 35 0.1963
90 35 0.2269
95 35 0.2216
100 35 0.1684
105 35 0.2031
110 35 0.1023
115 35 0.0718
120 35 0.0870
125 35 0.1167
130 35 0.2408
135 35 0.2978
140 35 0.3862
145 35 0.4388
150 35 0.4200
155 35 0.4185
160 35 0.4006
165 35 0.3128
170 35 0.3425
10 40 0.1449
15 40 0.1759
20 40 0.1861
25 40 0.1859
30 40 0.2009
35 40 0.2203
40 40 0.2087
45 40 0.1989
50 40 0.1680
55 40 0.1346
60 40 0.1161
65 40 0.2117
70 40 0.2478
75 40 0.2504
80 40 0.2399
85 40 0.2731
90 40 0.2824
95 40 0.2707
100 40 0.2337
105 40 0.1452
110 40 0.0664
115 40 0.0228
120 40 0.0701
125 40 0.2004
130 40 0.2730
135 40 0.3286
140 40 0.4131
145 40 0.4612
150 40 0.4449
155 40 0.4166
160 40 0.3203
165 40 0.3737
170 40 0.3550
10 45 0.1190
15 45 0.1753
20 45 0.1733
25 45 0.1500
30 45 0.2247
35 45 0.2592
40 45 0.2432
45 45 0.2167
50 45 0.1958
55 45 0.1592
60 45 0.1806
65 45 0.1985
70 45 0.2382
75 45 0.2933
80 45 0.3049
85 45 0.3320
90 45 0.3413
95 45 0.3037
100 45 0.2843
105 45 0.2094
110 45 0.1750
115 45 0.1565
120 45 0.1354
125 45 0.1848
130 45 0.2705
135 45 0.3417
140 45 0.4203
145 45 0.4448
150 45 0.4240
155 45 0.3140
160 45 0.3770
165 45 0.3589
170 45 0.3531
10 50 0.1442
15 50 0.1740
20 50 0.1544
25 50 0.1965
30 50 0.2619
35 50 0.2902
40 50 0.2830
45 50 0.2711
50 50 0.2346
55 50 0.2050
60 50 0.2118
65 50 0.2268
70 50 0.2364
75 50 0.2763
80 50 0.3011
85 50 0.3097
90 50 0.3060
95 50 0.2761
100 50 0.2511
105 50 0.2422
110 50 0.2868
115 50 0.3177
120 50 0.3149
125 50 0.2918
130 50 0.2307
135 50 0.3241
140 50 0.3818
145 50 0.3851
150 50 0.3441
155 50 0.3719
160 50 0.3973
165 50 0.3363
170 50 0.3257
10 55 0.1366
15 55 0.1715
20 55 0.1446
25 55 0.2338
30 55 0.2856
35 55 0.2964
40 55 0.3293
45 55 0.3301
50 55 0.3012
55 55 0.2776
60 55 0.2400
65 55 0.2770
70 55 0.3069
75 55 0.3031
80 55 0.2983
85 55 0.3240
90 55 0.3400
95 55 0.3442
100 55 0.3650
105 55 0.3461
110 55 0.3657
115 55 0.3761
120 55 0.3689
125 55 0.3596
130 55 0.3424
135 55 0.2894
140 55 0.2891
145 55 0.3174
150 55 0.3745
155 55 0.3466
160 55 0.3729
165 55 0.3293
170 55 0.2996
10 60 0.1542
15 60 0.1391
20 60 0.1547
25 60 0.2539
30 60 0.2824
35 60 0.3158
40 60 0.3609
45 60 0.3504
50 60 0.3636
55 60 0.3655
60 60 0.3328
65 60 0.3316
70 60 0.3352
75 60 0.3367
80 60 0.3623
85 60 0.3916
90 60 0.4028
95 60 0.3868
100 60 0.4201
105 60 0.4078
110 60 0.3729
115 60 0.3682
120 60 0.3524
125 60 0.3386
130 60 0.3318
135 60 0.3052
140 60 0.2570
145 60 0.2632
150 60 0.2634
155 60 0.2737
160 60 0.2775
165 60 0.2834
170 60 0.2947
10 65 0.1712
15 65 0.1557
20 65 0.1625
25 65 0.2472
30 65 0.2958
35 65 0.3233
40 65 0.3458
45 65 0.3591
50 65 0.3879
55 65 0.3764
60 65 0.3472
65 65 0.3434
70 65 0.3466
75 65 0.3488
80 65 0.3735
85 65 0.3940
90 65 0.3915
95 65 0.3638
100 65 0.3578
105 65 0.3654
110 65 0.3609
115 65 0.3500
120 65 0.3314
125 65 0.2911
130 65 0.2954
135 65 0.2962
140 65 0.2605
145 65 0.2372
150 65 0.2661
155 65 0.2791
160 65 0.2957
165 65 0.3145
170 65 0.3077
10 70 0.1872
15 70 0.1577
20 70 0.1787
25 70 0.2615
30 70 0.3097
35 70 0.3237
40 70 0.3218
45 70 0.3693
50 70 0.3698
55 70 0.3499
60 70 0.3282
65 70 0.3295
70 70 0.3260
75 70 0.3256
80 70 0.3291
85 70 0.3420
90 70 0.3426
95 70 0.3481
100 70 0.3473
105 70 0.3341
110 70 0.3823
115 70 0.3886
120 70 0.3623
125 70 0.3015
130 70 0.2324
135 70 0.2805
140 70 0.2596
145 70 0.2475
150 70 0.2564
155 70 0.2538
160 70 0.2680
165 70 0.2884
170 70 0.2911
10 75 0.2017
15 75 0.1681
20 75 0.2124
25 75 0.2460
30 75 0.3082
35 75 0.3378
40 75 0.3490
45 75 0.3634
50 75 0.3681
55 75 0.3567
60 75 0.3404
65 75 0.3322
70 75 0.3277
75 75 0.3240
80 75 0.3272
85 75 0.3342
90 75 0.3380
95 75 0.4123
100 75 0.4458
105 75 0.4535
110 75 0.4449
115 75 0.4306
120 75 0.4088
125 75 0.3971
130 75 0.2926
135 75 0.1944
140 75 0.1900
145 75 0.2383
150 75 0.2661
155 75 0.2699
160 75 0.2786
165 75 0.3071
170 75 0.2969
10 80 0.2028
15 80 0.2127
20 80 0.1607
25 80 0.2377
30 80 0.2691
35 80 0.2777
40 80 0.3075
45 80 0.3310
50 80 0.3755
55 80 0.3800
60 80 0.3698
65 80 0.3657
70 80 0.3544
75 80 0.3565
80 80 0.3745
85 80 0.4387
90 80 0.4781
95 80 0.5066
100 80 0.5194
105 80 0.5236
110 80 0.5012
115 80 0.4701
120 80 0.4315
125 80 0.4038
130 80 0.3782
135 80 0.3291
140 80 0.2271
145 80 0.2876
150 80 0.2793
155 80 0.2921
160 80 0.2880
165 80 0.3091
170 80 0.3068
10 85 0.1782
15 85 0.2150
20 85 0.2280
25 85 0.2275
30 85 0.2137
35 85 0.2187
40 85 0.2201
45 85 0.1708
50 85 0.3090
55 85 0.3975
60 85 0.4350
65 85 0.4723
70 85 0.4207
75 85 0.4372
80 85 0.4527
85 85 0.4494
90 85 0.4811
95 85 0.5113
100 85 0.5247
105 85 0.5308
110 85 0.5038
115 85 0.4691
120 85 0.4366
125 85 0.4043
130 85 0.3583
135 85 0.3327
140 85 0.2850
145 85 0.3156
150 85 0.2970
155 85 0.3143
160 85 0.2958
165 85 0.3119
170 85 0.3095
10 90 0.1190
15 90 0.1636
20 90 0.2012
25 90 0.2099
30 90 0.1924
35 90 0.1862
40 90 0.1671
45 90 0.1887
50 90 0.2356
55 90 0.3763
60 90 0.2869
65 90 0.3129
70 90 0.3538
75 90 0.3514
80 90 0.2771
85 90 0.3121
90 90 0.3113
95 90 0.3496
100 90 0.4521
105 90 0.4220
110 90 0.4291
115 90 0.4150
120 90 0.3784
125 90 0.3477
130 90 0.3472
135 90 0.3295
140 90 0.2859
145 90 0.3060
150 90 0.2955
155 90 0.3346
160 90 0.3086
165 90 0.3053
170 90 0.3017
10 95 0.1293
15 95 0.1073
20 95 0.1272
25 95 0.1320
30 95 0.1043
35 95 0.1386
40 95 0.1760
45 95 0.2102
50 95 0.2440
55 95 0.1771
60 95 0.2201
65 95 0.2523
70 95 0.2367
75 95 0.2362
80 95 0.2524
85 95 0.2326
90 95 0.2847
95 95 0.3151
100 95 0.1826
105 95 0.0876
110 95 0.0695
115 95 0.0629
120 95 0.1575
125 95 0.2771
130 95 0.3021
135 95 0.2815
140 95 0.2836
145 95 0.3051
150 95 0.3018
155 95 0.3338
160 95 0.3131
165 95 0.3062
170 95 0.2937
10 100 0.1800
15 100 0.1655
20 100 0.1776
25 100 0.2059
30 100 0.2175
35 100 0.2326
40 100 0.2510
45 100 0.2446
50 100 0.2512
55 100 0.2882
60 100 0.3331
65 100 0.3241
70 100 0.2758
75 100 0.2099
80 100 0.2250
85 100 0.2794
90 100 0.1735
95 100 0.3160
100 100 0.3453
105 100 0.2297
110 100 0.1687
115 100 0.0627
120 100 0.0090
125 100 0.0281
130 100 0.1852
135 100 0.2698
140 100 0.2818
145 100 0.3157
150 100 0.3065
155 100 0.3279
160 100 0.3188
165 100 0.2870
170 100 0.2840
10 105 0.1995
15 105 0.2124
20 105 0.2339
25 105 0.2348
30 105 0.2448
35 105 0.2292
40 105 0.2075
45 105 0.2103
50 105 0.2065
55 105 0.2212
60 105 0.2612
65 105 0.3315
70 105 0.3190
75 105 0.3174
80 105 0.2924
85 105 0.2759
90 105 0.2534
95 105 0.2650
100 105 0.2615
105 105 0.1744
110 105 0.1183
115 105 0.0783
120 105 0.0060
125 105 0.0024
130 105 0.1428
135 105 0.2529
140 105 0.2949
145 105 0.3278
150 105 0.3209
155 105 0.3342
160 105 0.3181
165 105 0.2831
170 105 0.2840
10 110 0.2218
15 110 0.2521
20 110 0.2632
25 110 0.2289
30 110 0.2278
35 110 0.2170
40 110 0.1856
45 110 0.1594
50 110 0.1628
55 110 0.1458
60 110 0.2264
65 110 0.2568
70 110 0.3701
75 110 0.3628
80 110 0.3143
85 110 0.2622
90 110 0.2251
95 110 0.2497
100 110 0.2500
105 110 0.1754
110 110 0.1517
115 110 0.1301
120 110 0.0988
125 110 0.1582
130 110 0.2437
135 110 0.2668
140 110 0.3191
145 110 0.3528
150 110 0.3262
155 110 0.3316
160 110 0.3245
165 110 0.2801
170 110 0.2846
10 115 0.2236
15 115 0.2470
20 115 0.2125
25 115 0.2086
30 115 0.2022
35 115 0.1977
40 115 0.1763
45 115 0.1983
50 115 0.2240
55 115 0.2439
60 115 0.1852
65 115 0.3089
70 115 0.2973
75 115 0.2699
80 115 0.2507
85 115 0.2184
90 115 0.2355
95 115 0.2109
100 115 0.1346
105 115 0.1080
110 115 0.1237
115 115 0.1132
120 115 0.1935
125 115 0.2545
130 115 0.2878
135 115 0.3073
140 115 0.3378
145 115 0.3634
150 115 0.3253
155 115 0.3402
160 115 0.3229
165 115 0.2817
170 115 0.2755
10 120 0.1931
15 120 0.1997
20 120 0.1561
25 120 0.1795
30 120 0.1828
35 120 0.1698
40 120 0.1712
45 120 0.1583
50 120 0.2015
55 120 0.2414
60 120 0.2196
65 120 0.2223
70 120 0.2433
75 120 0.2726
80 120 0.2654
85 120 0.2969
90 120 0.2780
95 120 0.1991
100 120 0.1928
105 120 0.1096
110 120 0.1448
115 120 0.1552
120 120 0.2046
125 120 0.2880
130 120 0.3064
135 120 0.3208
140 120 0.3436
145 120 0.3610
150 120 0.3484
155 120 0.3544
160 120 0.3154
165 120 0.2853
170 120 0.2767
10 125 0.1601
15 125 0.1449
20 125 0.1375
25 125 0.1461
30 125 0.1308
35 125 0.1332
40 125 0.1432
45 125 0.1294
50 125 0.1214
55 125 0.1311
60 125 0.1555
65 125 0.1817
70 125 0.2495
75 125 0.2446
80 125 0.2223
85 125 0.2118
90 125 0.1887
95 125 0.1813
100 125 0.2323
105 125 0.2539
110 125 0.2379
115 125 0.2367
120 125 0.2621
125 125 0.3015
130 125 0.3514
135 125 0.3562
140 125 0.3449
145 125 0.3607
150 125 0.3658
155 125 0.3504
160 125 0.3049
165 125 0.2926
170 125 0.2605
10 130 0.1258
15 130 0.1272
20 130 0.1120
25 130 0.1895
30 130 0.2031
35 130 0.2020
40 130 0.1695
45 130 0.1364
50 130 0.1296
55 130 0.1447
60 130 0.1824
65 130 0.1265
70 130 0.1754
75 130 0.2308
80 130 0.2335
85 130 0.2452
90 130 0.2720
95 130 0.2743
100 130 0.2432
105 130 0.2198
110 130 0.3593
115 130 0.3508
120 130 0.3664
125 130 0.3544
130 130 0.3951
135 130 0.3844
140 130 0.3746
145 130 0.3642
150 130 0.3681
155 130 0.3490
160 130 0.2942
165 130 0.2837
170 130 0.2763
10 135 0.1138
15 135 0.1001
20 135 0.1867
25 135 0.2539
30 135 0.2406
35 135 0.2219
40 135 0.1810
45 135 0.1351
50 135 0.1040
55 135 0.2151
60 135 0.2441
65 135 0.2439
70 135 0.2106
75 135 0.1570
80 135 0.1599
85 135 0.1933
90 135 0.2298
95 135 0.2597
100 135 0.2651
105 135 0.2703
110 135 0.4349
115 135 0.4263
120 135 0.4133
125 135 0.4426
130 135 0.4584
135 135 0.4199
140 135 0.4016
145 135 0.3874
150 135 0.3815
155 135 0.3385
160 135 0.3026
165 135 0.2647
170 135 0.2729
10 140 0.0967
15 140 0.1404
20 140 0.2390
25 140 0.2662
30 140 0.2538
35 140 0.2399
40 140 0.1764
45 140 0.1578
50 140 0.1988
55 140 0.2402
60 140 0.2252
65 140 0.2349
70 140 0.2094
75 140 0.1945
80 140 0.1875
85 140 0.2153
90 140 0.2385
95 140 0.2658
100 140 0.2890
105 140 0.3141
110 140 0.3214
115 140 0.2838
120 140 0.3236
125 140 0.3929
130 140 0.4024
135 140 0.4463
140 140 0.4097
145 140 0.3998
150 140 0.3725
155 140 0.3320
160 140 0.2916
165 140 0.2712
170 140 0.2506
10 145 0.0837
15 145 0.1956
20 145 0.2535
25 145 0.2649
30 145 0.2663
35 145 0.2517
40 145 0.1723
45 145 0.1945
50 145 0.2299
55 145 0.2132
60 145 0.2199
65 145 0.2194
70 145 0.2178
75 145 0.2149
80 145 0.2411
85 145 0.2493
90 145 0.2754
95 145 0.2789
100 145 0.2891
105 145 0.3173
110 145 0.3112
115 145 0.3051
120 145 0.3321
125 145 0.3236
130 145 0.3835
135 145 0.3530
140 145 0.4233
145 145 0.3769
150 145 0.3423
155 145 0.3185
160 145 0.2727
165 145 0.2536
170 145 0.2546
10 150 0.1165
15 150 0.2224
20 150 0.2562
25 150 0.2690
30 150 0.2863
35 150 0.2719
40 150 0.1928
45 150 0.2332
50 150 0.2116
55 150 0.1911
60 150 0.0977
65 150 0.1396
70 150 0.1528
75 150 0.1398
80 150 0.1830
85 150 0.2425
90 150 0.2775
95 150 0.3211
100 150 0.3417
105 150 0.3287
110 150 0.3483
115 150 0.3375
120 150 0.2992
125 150 0.2865
130 150 0.2840
135 150 0.3025
140 150 0.3240
145 150 0.3460
150 150 0.3179
155 150 0.2742
160 150 0.2462
165 150 0.2289
170 150 0.2294
10 155 0.1527
15 155 0.2246
20 155 0.2573
25 155 0.2908
30 155 0.2782
35 155 0.2527
40 155 0.2127
45 155 0.2034
50 155 0.1694
55 155 0.1367
60 155 0.1499
65 155 0.1697
70 155 0.1978
75 155 0.2204
80 155 0.2351
85 155 0.1924
90 155 0.2380
95 155 0.3038
100 155 0.3156
105 155 0.3283
110 155 0.3477
115 155 0.3428
120 155 0.3016
125 155 0.2498
130 155 0.2160
135 155 0.2716
140 155 0.2905
145 155 0.2411
150 155 0.2460
155 155 0.2070
160 155 0.2082
165 155 0.2102
170 155 0.2195
10 160 0.1699
15 160 0.2230
20 160 0.2553
25 160 0.2586
30 160 0.2602
35 160 0.2520
40 160 0.2082
45 160 0.1829
50 160 0.1564
55 160 0.1412
60 160 0.0843
65 160 0.1500
70 160 0.1808
75 160 0.2137
80 160 0.2386
85 160 0.2758
90 160 0.2935
95 160 0.2829
100 160 0.2604
105 160 0.2572
110 160 0.2960
115 160 0.3094
120 160 0.2691
125 160 0.2250
130 160 0.1397
135 160 0.2132
140 160 0.2002
145 160 0.2013
150 160 0.1692
155 160 0.1742
160 160 0.1734
165 160 0.1975
170 160 0.2123
10 165 0.1719
15 165 0.2107
20 165 0.2270
25 165 0.2366
30 165 0.2269
35 165 0.2128
40 165 0.1558
45 165 0.0906
50 165 0.1343
55 165 0.0872
60 165 0.0925
65 165 0.0858
70 165 0.1188
75 165 0.1534
80 165 0.1988
85 165 0.2544
90 165 0.2947
95 165 0.3468
100 165 0.3465
105 165 0.3127
110 165 0.3103
115 165 0.3318
120 165 0.3047
125 165 0.2564
130 165 0.2636
135 165 0.1523
140 165 0.2095
145 165 0.2274
150 165 0.1796
155 165 0.1626
160 165 0.1675
165 165 0.1974
170 165 0.2102
10 170 0.1674
15 170 0.1946
20 170 0.1989
25 170 0.1926
30 170 0.1748
35 170 0.1205
40 170 0.0971
45 170 0.0723
50 170 0.0993
55 170 0.1479
60 170 0.1698
65 170 0.1021
70 170 0.1347
75 170 0.1667
80 170 0.2282
85 170 0.2801
90 170 0.3056
95 170 0.3064
100 170 0.2891
105 170 0.2961
110 170 0.2661
115 170 0.1877
120 170 0.1901
125 170 0.2340
130 170 0.2425
135 170 0.1840
140 170 0.2211
145 170 0.2222
150 170 0.1787
155 170 0.1454
160 170 0.1611
165 170 0.1945
170 170 0.2022
10 175 0.1562
15 175 0.1782
20 175 0.1695
25 175 0.1488
30 175 0.0987
35 175 0.0115
40 175 0.0357
45 175 0.1423
50 175 0.1800
55 175 0.2165
60 175 0.2214
65 175 0.1381
70 175 0.1181
75 175 0.1281
80 175 0.1434
85 175 0.2092
90 175 0.2458
95 175 0.2849
100 175 0.2643
105 175 0.2765
110 175 0.2509
115 175 0.1601
120 175 0.1939
125 175 0.1992
130 175 0.1341
135 175 0.1738
140 175 0.2225
145 175 0.2278
150 175 0.1661
155 175 0.1416
160 175 0.1748
165 175 0.2020
170 175 0.2100
