10 -180 1.0000
15 -180 1.0000
20 -180 1.0000
25 -180 1.0000
30 -180 1.0000
35 -180 1.0000
40 -180 1.0000
45 -180 1.0000
50 -180 1.0000
55 -180 1.0000
60 -180 1.0000
65 -180 1.0000
70 -180 1.0000
75 -180 1.0000
80 -180 1.0000
85 -180 1.0000
90 -180 1.0000
95 -180 1.0000
100 -180 1.0000
105 -180 1.0000
110 -180 1.0000
115 -180 1.0000
120 -180 1.0000
125 -180 1.0000
130 -180 1.0000
135 -180 1.0000
140 -180 1.0000
145 -180 1.0000
150 -180 1.0000
155 -180 1.0000
160 -180 1.0000
165 -180 1.0000
170 -180 1.0000
10 -175 1.0000
15 -175 1.0000
20 -175 1.0000
25 -175 1.0000
30 -175 1.0000
35 -175 1.0000
40 -175 1.0000
45 -175 1.0000
50 -175 1.0000
55 -175 1.0000
60 -175 1.0000
65 -175 1.0000
70 -175 1.0000
75 -175 1.0000
80 -175 1.0000
85 -175 1.0000
90 -175 1.0000
95 -175 1.0000
100 -175 1.0000
105 -175 1.0000
110 -175 1.0000
115 -175 1.0000
120 -175 1.0000
125 -175 1.0000
130 -175 1.0000
135 -175 1.0000
140 -175 1.0000
145 -175 1.0000
150 -175 1.0000
155 -175 1.0000
160 -175 1.0000
165 -175 1.0000
170 -175 1.0000
10 -170 1.0000
15 -170 1.0000
20 -170 1.0000
25 -170 1.0000
30 -170 1.0000
35 -170 1.0000
40 -170 1.0000
45 -170 1.0000
50 -170 1.0000
55 -170 1.0000
60 -170 1.0000
65 -170 1.0000
70 -170 1.0000
75 -170 1.0000
80 -170 1.0000
85 -170 1.0000
90 -170 1.0000
95 -170 1.0000
100 -170 1.0000
105 -170 1.0000
110 -170 1.0000
115 -170 1.0000
120 -170 1.0000
125 -170 1.0000
130 -170 1.0000
135 -170 1.0000
140 -170 1.0000
145 -170 1.0000
150 -170 1.0000
155 -170 1.0000
160 -170 1.0000
165 -170 1.0000
170 -170 1.0000
10 -165 1.0000
15 -165 1.0000
20 -165 1.0000
25 -165 1.0000
30 -165 1.0000
35 -165 1.0000
40 -165 1.0000
45 -165 1.0000
50 -165 1.0000
55 -165 1.0000
60 -165 1.0000
65 -165 1.0000
70 -165 1.0000
75 -165 1.0000
80 -165 1.0000
85 -165 1.0000
90 -165 1.0000
95 -165 1.0000
100 -165 1.0000
105 -165 1.0000
110 -165 1.0000
115 -165 1.0000
120 -165 1.0000
125 -165 1.0000
130 -165 1.0000
135 -165 1.0000
140 -165 1.0000
145 -165 1.0000
150 -165 1.0000
155 -165 1.0000
160 -165 1.0000
165 -165 1.0000
170 -165 1.0000
10 -160 1.0000
15 -160 1.0000
20 -160 1.0000
25 -160 1.0000
30 -160 1.0000
35 -160 1.0000
40 -160 1.0000
45 -160 1.0000
50 -160 1.0000
55 -160 1.0000
60 -160 1.0000
65 -160 1.0000
70 -160 1.0000
75 -160 1.0000
80 -160 1.0000
85 -160 1.0000
90 -160 1.0000
95 -160 1.0000
100 -160 1.0000
105 -160 1.0000
110 -160 1.0000
115 -160 1.0000
120 -160 1.0000
125 -160 1.0000
130 -160 1.0000
135 -160 1.0000
140 -160 1.0000
145 -160 1.0000
150 -160 1.0000
155 -160 1.0000
160 -160 1.0000
165 -160 1.0000
170 -160 1.0000
10 -155 1.0000
15 -155 1.0000
20 -155 1.0000
25 -155 1.0000
30 -155 1.0000
35 -155 1.0000
40 -155 1.0000
45 -155 1.0000
50 -155 1.0000
55 -155 1.0000
60 -155 1.0000
65 -155 1.0000
70 -155 1.0000
75 -155 1.0000
80 -155 1.0000
85 -155 1.0000
90 -155 1.0000
95 -155 1.0000
100 -155 1.0000
105 -155 1.0000
110 -155 1.0000
115 -155 1.0000
120 -155 1.0000
125 -155 1.0000
130 -155 1.0000
135 -155 1.0000
140 -155 1.0000
145 -155 1.0000
150 -155 1.0000
155 -155 1.0000
160 -155 1.0000
165 -155 1.0000
170 -155 1.0000
10 -150 1.0000
15 -150 1.0000
20 -150 1.0000
25 -150 1.0000
30 -150 1.0000
35 -150 1.0000
40 -150 1.0000
45 -150 1.0000
50 -150 1.0000
55 -150 1.0000
60 -150 1.0000
65 -150 1.0000
70 -150 1.0000
75 -150 1.0000
80 -150 1.0000
85 -150 1.0000
90 -150 1.0000
95 -150 1.0000
100 -150 1.0000
105 -150 1.0000
110 -150 1.0000
115 -150 1.0000
120 -150 1.0000
125 -150 1.0000
130 -150 1.0000
135 -150 1.0000
140 -150 1.0000
145 -150 1.0000
150 -150 1.0000
155 -150 1.0000
160 -150 1.0000
165 -150 1.0000
170 -150 1.0000
10 -145 1.0000
15 -145 1.0000
20 -145 1.0000
25 -145 1.0000
30 -145 1.0000
35 -145 1.0000
40 -145 1.0000
45 -145 1.0000
50 -145 1.0000
55 -145 1.0000
60 -145 1.0000
65 -145 1.0000
70 -145 1.0000
75 -145 1.0000
80 -145 1.0000
85 -145 1.0000
90 -145 1.0000
95 -145 1.0000
100 -145 1.0000
105 -145 1.0000
110 -145 1.0000
115 -145 1.0000
120 -145 1.0000
125 -145 1.0000
130 -145 1.0000
135 -145 1.0000
140 -145 1.0000
145 -145 1.0000
150 -145 1.0000
155 -145 1.0000
160 -145 1.0000
165 -145 1.0000
170 -145 1.0000
10 -140 1.0000
15 -140 1.0000
20 -140 1.0000
25 -140 1.0000
30 -140 1.0000
35 -140 1.0000
40 -140 1.0000
45 -140 1.0000
50 -140 1.0000
55 -140 1.0000
60 -140 1.0000
65 -140 1.0000
70 -140 1.0000
75 -140 1.0000
80 -140 1.0000
85 -140 1.0000
90 -140 1.0000
95 -140 1.0000
100 -140 1.0000
105 -140 1.0000
110 -140 1.0000
115 -140 1.0000
120 -140 1.0000
125 -140 1.0000
130 -140 1.0000
135 -140 1.0000
140 -140 1.0000
145 -140 1.0000
150 -140 1.0000
155 -140 1.0000
160 -140 1.0000
165 -140 1.0000
170 -140 1.0000
10 -135 1.0000
15 -135 1.0000
20 -135 1.0000
25 -135 1.0000
30 -135 1.0000
35 -135 1.0000
40 -135 1.0000
45 -135 1.0000
50 -135 1.0000
55 -135 1.0000
60 -135 1.0000
65 -135 1.0000
70 -135 1.0000
75 -135 1.0000
80 -135 1.0000
85 -135 1.0000
90 -135 1.0000
95 -135 1.0000
100 -135 1.0000
105 -135 1.0000
110 -135 1.0000
115 -135 1.0000
120 -135 1.0000
125 -135 1.0000
130 -135 1.0000
135 -135 1.0000
140 -135 1.0000
145 -135 1.0000
150 -135 1.0000
155 -135 1.0000
160 -135 1.0000
165 -135 1.0000
170 -135 1.0000
10 -130 1.0000
15 -130 1.0000
20 -130 1.0000
25 -130 1.0000
30 -130 1.0000
35 -130 1.0000
40 -130 1.0000
45 -130 1.0000
50 -130 1.0000
55 -130 1.0000
60 -130 1.0000
65 -130 1.0000
70 -130 1.0000
75 -130 1.0000
80 -130 1.0000
85 -130 1.0000
90 -130 1.0000
95 -130 1.0000
100 -130 1.0000
105 -130 1.0000
110 -130 1.0000
115 -130 1.0000
120 -130 1.0000
125 -130 1.0000
130 -130 1.0000
135 -130 1.0000
140 -130 1.0000
145 -130 1.0000
150 -130 1.0000
155 -130 1.0000
160 -130 1.0000
165 -130 1.0000
170 -130 1.0000
10 -125 1.0000
15 -125 1.0000
20 -125 1.0000
25 -125 1.0000
30 -125 1.0000
35 -125 1.0000
40 -125 1.0000
45 -125 1.0000
50 -125 1.0000
55 -125 1.0000
60 -125 1.0000
65 -125 1.0000
70 -125 1.0000
75 -125 1.0000
80 -125 1.0000
85 -125 1.0000
90 -125 1.0000
95 -125 1.0000
100 -125 1.0000
105 -125 1.0000
110 -125 1.0000
115 -125 1.0000
120 -125 1.0000
125 -125 1.0000
130 -125 1.0000
135 -125 1.0000
140 -125 1.0000
145 -125 1.0000
150 -125 1.0000
155 -125 1.0000
160 -125 1.0000
165 -125 1.0000
170 -125 1.0000
10 -120 1.0000
15 -120 1.0000
20 -120 1.0000
25 -120 1.0000
30 -120 1.0000
35 -120 1.0000
40 -120 1.0000
45 -120 1.0000
50 -120 1.0000
55 -120 1.0000
60 -120 1.0000
65 -120 1.0000
70 -120 1.0000
75 -120 1.0000
80 -120 1.0000
85 -120 1.0000
90 -120 1.0000
95 -120 1.0000
100 -120 1.0000
105 -120 1.0000
110 -120 1.0000
115 -120 1.0000
120 -120 1.0000
125 -120 1.0000
130 -120 1.0000
135 -120 1.0000
140 -120 1.0000
145 -120 1.0000
150 -120 1.0000
155 -120 1.0000
160 -120 1.0000
165 -120 1.0000
170 -120 1.0000
10 -115 1.0000
15 -115 1.0000
20 -115 1.0000
25 -115 1.0000
30 -115 1.0000
35 -115 1.0000
40 -115 1.0000
45 -115 1.0000
50 -115 1.0000
55 -115 1.0000
60 -115 1.0000
65 -115 1.0000
70 -115 1.0000
75 -115 1.0000
80 -115 1.0000
85 -115 1.0000
90 -115 1.0000
95 -115 1.0000
100 -115 1.0000
105 -115 1.0000
110 -115 1.0000
115 -115 1.0000
120 -115 1.0000
125 -115 1.0000
130 -115 1.0000
135 -115 1.0000
140 -115 1.0000
145 -115 1.0000
150 -115 1.0000
155 -115 1.0000
160 -115 1.0000
165 -115 1.0000
170 -115 1.0000
10 -110 1.0000
15 -110 1.0000
20 -110 1.0000
25 -110 1.0000
30 -110 1.0000
35 -110 1.0000
40 -110 1.0000
45 -110 1.0000
50 -110 1.0000
55 -110 1.0000
60 -110 1.0000
65 -110 1.0000
70 -110 1.0000
75 -110 1.0000
80 -110 1.0000
85 -110 1.0000
90 -110 1.0000
95 -110 1.0000
100 -110 1.0000
105 -110 1.0000
110 -110 1.0000
115 -110 1.0000
120 -110 1.0000
125 -110 1.0000
130 -110 1.0000
135 -110 1.0000
140 -110 1.0000
145 -110 1.0000
150 -110 1.0000
155 -110 1.0000
160 -110 1.0000
165 -110 1.0000
170 -110 1.0000
10 -105 1.0000
15 -105 1.0000
20 -105 1.0000
25 -105 1.0000
30 -105 1.0000
35 -105 1.0000
40 -105 1.0000
45 -105 1.0000
50 -105 1.0000
55 -105 1.0000
60 -105 1.0000
65 -105 1.0000
70 -105 1.0000
75 -105 1.0000
80 -105 1.0000
85 -105 1.0000
90 -105 1.0000
95 -105 1.0000
100 -105 1.0000
105 -105 1.0000
110 -105 1.0000
115 -105 1.0000
120 -105 1.0000
125 -105 1.0000
130 -105 1.0000
135 -105 1.0000
140 -105 1.0000
145 -105 1.0000
150 -105 1.0000
155 -105 1.0000
160 -105 1.0000
165 -105 1.0000
170 -105 1.0000
10 -100 1.0000
15 -100 1.0000
20 -100 1.0000
25 -100 1.0000
30 -100 1.0000
35 -100 1.0000
40 -100 1.0000
45 -100 1.0000
50 -100 1.0000
55 -100 1.0000
60 -100 1.0000
65 -100 1.0000
70 -100 1.0000
75 -100 1.0000
80 -100 1.0000
85 -100 1.0000
90 -100 1.0000
95 -100 1.0000
100 -100 1.0000
105 -100 1.0000
110 -100 1.0000
115 -100 1.0000
120 -100 1.0000
125 -100 1.0000
130 -100 1.0000
135 -100 1.0000
140 -100 1.0000
145 -100 1.0000
150 -100 1.0000
155 -100 1.0000
160 -100 1.0000
165 -100 1.0000
170 -100 1.0000
10 -95 1.0000
15 -95 1.0000
20 -95 1.0000
25 -95 1.0000
30 -95 1.0000
35 -95 1.0000
40 -95 1.0000
45 -95 1.0000
50 -95 1.0000
55 -95 1.0000
60 -95 1.0000
65 -95 1.0000
70 -95 1.0000
75 -95 1.0000
80 -95 1.0000
85 -95 1.0000
90 -95 1.0000
95 -95 1.0000
100 -95 1.0000
105 -95 1.0000
110 -95 1.0000
115 -95 1.0000
120 -95 1.0000
125 -95 1.0000
130 -95 1.0000
135 -95 1.0000
140 -95 1.0000
145 -95 1.0000
150 -95 1.0000
155 -95 1.0000
160 -95 1.0000
165 -95 1.0000
170 -95 1.0000
10 -90 1.0000
15 -90 1.0000
20 -90 1.0000
25 -90 1.0000
30 -90 1.0000
35 -90 1.0000
40 -90 1.0000
45 -90 1.0000
50 -90 1.0000
55 -90 1.0000
60 -90 1.0000
65 -90 1.0000
70 -90 1.0000
75 -90 1.0000
80 -90 1.0000
85 -90 1.0000
90 -90 1.0000
95 -90 1.0000
100 -90 1.0000
105 -90 1.0000
110 -90 1.0000
115 -90 1.0000
120 -90 1.0000
125 -90 1.0000
130 -90 1.0000
135 -90 1.0000
140 -90 1.0000
145 -90 1.0000
150 -90 1.0000
155 -90 1.0000
160 -90 1.0000
165 -90 1.0000
170 -90 1.0000
10 -85 1.0000
15 -85 1.0000
20 -85 1.0000
25 -85 1.0000
30 -85 1.0000
35 -85 1.0000
40 -85 1.0000
45 -85 1.0000
50 -85 1.0000
55 -85 1.0000
60 -85 1.0000
65 -85 1.0000
70 -85 1.0000
75 -85 1.0000
80 -85 1.0000
85 -85 1.0000
90 -85 1.0000
95 -85 1.0000
100 -85 1.0000
105 -85 1.0000
110 -85 1.0000
115 -85 1.0000
120 -85 1.0000
125 -85 1.0000
130 -85 1.0000
135 -85 1.0000
140 -85 1.0000
145 -85 1.0000
150 -85 1.0000
155 -85 1.0000
160 -85 1.0000
165 -85 1.0000
170 -85 1.0000
10 -80 1.0000
15 -80 1.0000
20 -80 1.0000
25 -80 1.0000
30 -80 1.0000
35 -80 1.0000
40 -80 1.0000
45 -80 1.0000
50 -80 1.0000
55 -80 1.0000
60 -80 1.0000
65 -80 1.0000
70 -80 1.0000
75 -80 1.0000
80 -80 1.0000
85 -80 1.0000
90 -80 1.0000
95 -80 1.0000
100 -80 1.0000
105 -80 1.0000
110 -80 1.0000
115 -80 1.0000
120 -80 1.0000
125 -80 1.0000
130 -80 1.0000
135 -80 1.0000
140 -80 1.0000
145 -80 1.0000
150 -80 1.0000
155 -80 1.0000
160 -80 1.0000
165 -80 1.0000
170 -80 1.0000
10 -75 1.0000
15 -75 1.0000
20 -75 1.0000
25 -75 1.0000
30 -75 1.0000
35 -75 1.0000
40 -75 1.0000
45 -75 1.0000
50 -75 1.0000
55 -75 1.0000
60 -75 1.0000
65 -75 1.0000
70 -75 1.0000
75 -75 1.0000
80 -75 1.0000
85 -75 1.0000
90 -75 1.0000
95 -75 1.0000
100 -75 1.0000
105 -75 1.0000
110 -75 1.0000
115 -75 1.0000
120 -75 1.0000
125 -75 1.0000
130 -75 1.0000
135 -75 1.0000
140 -75 1.0000
145 -75 1.0000
150 -75 1.0000
155 -75 1.0000
160 -75 1.0000
165 -75 1.0000
170 -75 1.0000
10 -70 1.0000
15 -70 1.0000
20 -70 1.0000
25 -70 1.0000
30 -70 1.0000
35 -70 1.0000
40 -70 1.0000
45 -70 1.0000
50 -70 1.0000
55 -70 1.0000
60 -70 1.0000
65 -70 1.0000
70 -70 1.0000
75 -70 1.0000
80 -70 1.0000
85 -70 1.0000
90 -70 1.0000
95 -70 1.0000
100 -70 1.0000
105 -70 1.0000
110 -70 1.0000
115 -70 1.0000
120 -70 1.0000
125 -70 1.0000
130 -70 1.0000
135 -70 1.0000
140 -70 1.0000
145 -70 1.0000
150 -70 1.0000
155 -70 1.0000
160 -70 1.0000
165 -70 1.0000
170 -70 1.0000
10 -65 1.0000
15 -65 1.0000
20 -65 1.0000
25 -65 1.0000
30 -65 1.0000
35 -65 1.0000
40 -65 1.0000
45 -65 1.0000
50 -65 1.0000
55 -65 1.0000
60 -65 1.0000
65 -65 1.0000
70 -65 1.0000
75 -65 1.0000
80 -65 1.0000
85 -65 1.0000
90 -65 1.0000
95 -65 1.0000
100 -65 1.0000
105 -65 1.0000
110 -65 1.0000
115 -65 1.0000
120 -65 1.0000
125 -65 1.0000
130 -65 1.0000
135 -65 1.0000
140 -65 1.0000
145 -65 1.0000
150 -65 1.0000
155 -65 1.0000
160 -65 1.0000
165 -65 1.0000
170 -65 1.0000
10 -60 1.0000
15 -60 1.0000
20 -60 1.0000
25 -60 1.0000
30 -60 1.0000
35 -60 1.0000
40 -60 1.0000
45 -60 1.0000
50 -60 1.0000
55 -60 1.0000
60 -60 1.0000
65 -60 1.0000
70 -60 1.0000
75 -60 1.0000
80 -60 1.0000
85 -60 1.0000
90 -60 1.0000
95 -60 1.0000
100 -60 1.0000
105 -60 1.0000
110 -60 1.0000
115 -60 1.0000
120 -60 1.0000
125 -60 1.0000
130 -60 1.0000
135 -60 1.0000
140 -60 1.0000
145 -60 1.0000
150 -60 1.0000
155 -60 1.0000
160 -60 1.0000
165 -60 1.0000
170 -60 1.0000
10 -55 1.0000
15 -55 1.0000
20 -55 1.0000
25 -55 1.0000
30 -55 1.0000
35 -55 1.0000
40 -55 1.0000
45 -55 1.0000
50 -55 1.0000
55 -55 1.0000
60 -55 1.0000
65 -55 1.0000
70 -55 1.0000
75 -55 1.0000
80 -55 1.0000
85 -55 1.0000
90 -55 1.0000
95 -55 1.0000
100 -55 1.0000
105 -55 1.0000
110 -55 1.0000
115 -55 1.0000
120 -55 1.0000
125 -55 1.0000
130 -55 1.0000
135 -55 1.0000
140 -55 1.0000
145 -55 1.0000
150 -55 1.0000
155 -55 1.0000
160 -55 1.0000
165 -55 1.0000
170 -55 1.0000
10 -50 1.0000
15 -50 1.0000
20 -50 1.0000
25 -50 1.0000
30 -50 1.0000
35 -50 1.0000
40 -50 1.0000
45 -50 1.0000
50 -50 1.0000
55 -50 1.0000
60 -50 1.0000
65 -50 1.0000
70 -50 1.0000
75 -50 1.0000
80 -50 1.0000
85 -50 1.0000
90 -50 1.0000
95 -50 1.0000
100 -50 1.0000
105 -50 1.0000
110 -50 1.0000
115 -50 1.0000
120 -50 1.0000
125 -50 1.0000
130 -50 1.0000
135 -50 1.0000
140 -50 1.0000
145 -50 1.0000
150 -50 1.0000
155 -50 1.0000
160 -50 1.0000
165 -50 1.0000
170 -50 1.0000
10 -45 1.0000
15 -45 1.0000
20 -45 1.0000
25 -45 1.0000
30 -45 1.0000
35 -45 1.0000
40 -45 1.0000
45 -45 1.0000
50 -45 1.0000
55 -45 1.0000
60 -45 1.0000
65 -45 1.0000
70 -45 1.0000
75 -45 1.0000
80 -45 1.0000
85 -45 1.0000
90 -45 1.0000
95 -45 1.0000
100 -45 1.0000
105 -45 1.0000
110 -45 1.0000
115 -45 1.0000
120 -45 1.0000
125 -45 1.0000
130 -45 1.0000
135 -45 1.0000
140 -45 1.0000
145 -45 1.0000
150 -45 1.0000
155 -45 1.0000
160 -45 1.0000
165 -45 1.0000
170 -45 1.0000
10 -40 1.0000
15 -40 1.0000
20 -40 1.0000
25 -40 1.0000
30 -40 1.0000
35 -40 1.0000
40 -40 1.0000
45 -40 1.0000
50 -40 1.0000
55 -40 1.0000
60 -40 1.0000
65 -40 1.0000
70 -40 1.0000
75 -40 1.0000
80 -40 1.0000
85 -40 1.0000
90 -40 1.0000
95 -40 1.0000
100 -40 1.0000
105 -40 1.0000
110 -40 1.0000
115 -40 1.0000
120 -40 1.0000
125 -40 1.0000
130 -40 1.0000
135 -40 1.0000
140 -40 1.0000
145 -40 1.0000
150 -40 1.0000
155 -40 1.0000
160 -40 1.0000
165 -40 1.0000
170 -40 1.0000
10 -35 1.0000
15 -35 1.0000
20 -35 1.0000
25 -35 1.0000
30 -35 1.0000
35 -35 1.0000
40 -35 1.0000
45 -35 1.0000
50 -35 1.0000
55 -35 1.0000
60 -35 1.0000
65 -35 1.0000
70 -35 1.0000
75 -35 1.0000
80 -35 1.0000
85 -35 1.0000
90 -35 1.0000
95 -35 1.0000
100 -35 1.0000
105 -35 1.0000
110 -35 1.0000
115 -35 1.0000
120 -35 1.0000
125 -35 1.0000
130 -35 1.0000
135 -35 1.0000
140 -35 1.0000
145 -35 1.0000
150 -35 1.0000
155 -35 1.0000
160 -35 1.0000
165 -35 1.0000
170 -35 1.0000
10 -30 1.0000
15 -30 1.0000
20 -30 1.0000
25 -30 1.0000
30 -30 1.0000
35 -30 1.0000
40 -30 1.0000
45 -30 1.0000
50 -30 1.0000
55 -30 1.0000
60 -30 1.0000
65 -30 1.0000
70 -30 1.0000
75 -30 1.0000
80 -30 1.0000
85 -30 1.0000
90 -30 1.0000
95 -30 1.0000
100 -30 1.0000
105 -30 1.0000
110 -30 1.0000
115 -30 1.0000
120 -30 1.0000
125 -30 1.0000
130 -30 1.0000
135 -30 1.0000
140 -30 1.0000
145 -30 1.0000
150 -30 1.0000
155 -30 1.0000
160 -30 1.0000
165 -30 1.0000
170 -30 1.0000
10 -25 1.0000
15 -25 1.0000
20 -25 1.0000
25 -25 1.0000
30 -25 1.0000
35 -25 1.0000
40 -25 1.0000
45 -25 1.0000
50 -25 1.0000
55 -25 1.0000
60 -25 1.0000
65 -25 1.0000
70 -25 1.0000
75 -25 1.0000
80 -25 1.0000
85 -25 1.0000
90 -25 1.0000
95 -25 1.0000
100 -25 1.0000
105 -25 1.0000
110 -25 1.0000
115 -25 1.0000
120 -25 1.0000
125 -25 1.0000
130 -25 1.0000
135 -25 1.0000
140 -25 1.0000
145 -25 1.0000
150 -25 1.0000
155 -25 1.0000
160 -25 1.0000
165 -25 1.0000
170 -25 1.0000
10 -20 1.0000
15 -20 1.0000
20 -20 1.0000
25 -20 1.0000
30 -20 1.0000
35 -20 1.0000
40 -20 1.0000
45 -20 1.0000
50 -20 1.0000
55 -20 1.0000
60 -20 1.0000
65 -20 1.0000
70 -20 1.0000
75 -20 1.0000
80 -20 1.0000
85 -20 1.0000
90 -20 1.0000
95 -20 1.0000
100 -20 1.0000
105 -20 1.0000
110 -20 1.0000
115 -20 1.0000
120 -20 1.0000
125 -20 1.0000
130 -20 1.0000
135 -20 1.0000
140 -20 1.0000
145 -20 1.0000
150 -20 1.0000
155 -20 1.0000
160 -20 1.0000
165 -20 1.0000
170 -20 1.0000
10 -15 1.0000
15 -15 1.0000
20 -15 1.0000
25 -15 1.0000
30 -15 1.0000
35 -15 1.0000
40 -15 1.0000
45 -15 1.0000
50 -15 1.0000
55 -15 1.0000
60 -15 1.0000
65 -15 1.0000
70 -15 1.0000
75 -15 1.0000
80 -15 1.0000
85 -15 1.0000
90 -15 1.0000
95 -15 1.0000
100 -15 1.0000
105 -15 1.0000
110 -15 1.0000
115 -15 1.0000
120 -15 1.0000
125 -15 1.0000
130 -15 1.0000
135 -15 1.0000
140 -15 1.0000
145 -15 1.0000
150 -15 1.0000
155 -15 1.0000
160 -15 1.0000
165 -15 1.0000
170 -15 1.0000
10 -10 1.0000
15 -10 1.0000
20 -10 1.0000
25 -10 1.0000
30 -10 1.0000
35 -10 1.0000
40 -10 1.0000
45 -10 1.0000
50 -10 1.0000
55 -10 1.0000
60 -10 1.0000
65 -10 1.0000
70 -10 1.0000
75 -10 1.0000
80 -10 1.0000
85 -10 1.0000
90 -10 1.0000
95 -10 1.0000
100 -10 1.0000
105 -10 1.0000
110 -10 1.0000
115 -10 1.0000
120 -10 1.0000
125 -10 1.0000
130 -10 1.0000
135 -10 1.0000
140 -10 1.0000
145 -10 1.0000
150 -10 1.0000
155 -10 1.0000
160 -10 1.0000
165 -10 1.0000
170 -10 1.0000
10 -5 1.0000
15 -5 1.0000
20 -5 1.0000
25 -5 1.0000
30 -5 1.0000
35 -5 1.0000
40 -5 1.0000
45 -5 1.0000
50 -5 1.0000
55 -5 1.0000
60 -5 1.0000
65 -5 1.0000
70 -5 1.0000
75 -5 1.0000
80 -5 1.0000
85 -5 1.0000
90 -5 1.0000
95 -5 1.0000
100 -5 1.0000
105 -5 1.0000
110 -5 1.0000
115 -5 1.0000
120 -5 1.0000
125 -5 1.0000
130 -5 1.0000
135 -5 1.0000
140 -5 1.0000
145 -5 1.0000
150 -5 1.0000
155 -5 1.0000
160 -5 1.0000
165 -5 1.0000
170 -5 1.0000
10 0 1.0000
15 0 1.0000
20 0 1.0000
25 0 1.0000
30 0 1.0000
35 0 1.0000
40 0 1.0000
45 0 1.0000
50 0 1.0000
55 0 1.0000
60 0 1.0000
65 0 1.0000
70 0 1.0000
75 0 1.0000
80 0 1.0000
85 0 1.0000
90 0 1.0000
95 0 1.0000
100 0 1.0000
105 0 1.0000
110 0 1.0000
115 0 1.0000
120 0 1.0000
125 0 1.0000
130 0 1.0000
135 0 1.0000
140 0 1.0000
145 0 1.0000
150 0 1.0000
155 0 1.0000
160 0 1.0000
165 0 1.0000
170 0 1.0000
10 5 1.0000
15 5 1.0000
20 5 1.0000
25 5 1.0000
30 5 1.0000
35 5 1.0000
40 5 1.0000
45 5 1.0000
50 5 1.0000
55 5 1.0000
60 5 1.0000
65 5 1.0000
70 5 1.0000
75 5 1.0000
80 5 1.0000
85 5 1.0000
90 5 1.0000
95 5 1.0000
100 5 1.0000
105 5 1.0000
110 5 1.0000
115 5 1.0000
120 5 1.0000
125 5 1.0000
130 5 1.0000
135 5 1.0000
140 5 1.0000
145 5 1.0000
150 5 1.0000
155 5 1.0000
160 5 1.0000
165 5 1.0000
170 5 1.0000
10 10 1.0000
15 10 1.0000
20 10 1.0000
25 10 1.0000
30 10 1.0000
35 10 1.0000
40 10 1.0000
45 10 1.0000
50 10 1.0000
55 10 1.0000
60 10 1.0000
65 10 1.0000
70 10 1.0000
75 10 1.0000
80 10 1.0000
85 10 1.0000
90 10 1.0000
95 10 1.0000
100 10 1.0000
105 10 1.0000
110 10 1.0000
115 10 1.0000
120 10 1.0000
125 10 1.0000
130 10 1.0000
135 10 1.0000
140 10 1.0000
145 10 1.0000
150 10 1.0000
155 10 1.0000
160 10 1.0000
165 10 1.0000
170 10 1.0000
10 15 1.0000
15 15 1.0000
20 15 1.0000
25 15 1.0000
30 15 1.0000
35 15 1.0000
40 15 1.0000
45 15 1.0000
50 15 1.0000
55 15 1.0000
60 15 1.0000
65 15 1.0000
70 15 1.0000
75 15 1.0000
80 15 1.0000
85 15 1.0000
90 15 1.0000
95 15 1.0000
100 15 1.0000
105 15 1.0000
110 15 1.0000
115 15 1.0000
120 15 1.0000
125 15 1.0000
130 15 1.0000
135 15 1.0000
140 15 1.0000
145 15 1.0000
150 15 1.0000
155 15 1.0000
160 15 1.0000
165 15 1.0000
170 15 1.0000
10 20 1.0000
15 20 1.0000
20 20 1.0000
25 20 1.0000
30 20 1.0000
35 20 1.0000
40 20 1.0000
45 20 1.0000
50 20 1.0000
55 20 1.0000
60 20 1.0000
65 20 1.0000
70 20 1.0000
75 20 1.0000
80 20 1.0000
85 20 1.0000
90 20 1.0000
95 20 1.0000
100 20 1.0000
105 20 1.0000
110 20 1.0000
115 20 1.0000
120 20 1.0000
125 20 1.0000
130 20 1.0000
135 20 1.0000
140 20 1.0000
145 20 1.0000
150 20 1.0000
155 20 1.0000
160 20 1.0000
165 20 1.0000
170 20 1.0000
10 25 1.0000
15 25 1.0000
20 25 1.0000
25 25 1.0000
30 25 1.0000
35 25 1.0000
40 25 1.0000
45 25 1.0000
50 25 1.0000
55 25 1.0000
60 25 1.0000
65 25 1.0000
70 25 1.0000
75 25 1.0000
80 25 1.0000
85 25 1.0000
90 25 1.0000
95 25 1.0000
100 25 1.0000
105 25 1.0000
110 25 1.0000
115 25 1.0000
120 25 1.0000
125 25 1.0000
130 25 1.0000
135 25 1.0000
140 25 1.0000
145 25 1.0000
150 25 1.0000
155 25 1.0000
160 25 1.0000
165 25 1.0000
170 25 1.0000
10 30 1.0000
15 30 1.0000
20 30 1.0000
25 30 1.0000
30 30 1.0000
35 30 1.0000
40 30 1.0000
45 30 1.0000
50 30 1.0000
55 30 1.0000
60 30 1.0000
65 30 1.0000
70 30 1.0000
75 30 1.0000
80 30 1.0000
85 30 1.0000
90 30 1.0000
95 30 1.0000
100 30 1.0000
105 30 1.0000
110 30 1.0000
115 30 1.0000
120 30 1.0000
125 30 1.0000
130 30 1.0000
135 30 1.0000
140 30 1.0000
145 30 1.0000
150 30 1.0000
155 30 1.0000
160 30 1.0000
165 30 1.0000
170 30 1.0000
10 35 1.0000
15 35 1.0000
20 35 1.0000
25 35 1.0000
30 35 1.0000
35 35 1.0000
40 35 1.0000
45 35 1.0000
50 35 1.0000
55 35 1.0000
60 35 1.0000
65 35 1.0000
70 35 1.0000
75 35 1.0000
80 35 1.0000
85 35 1.0000
90 35 1.0000
95 35 1.0000
100 35 1.0000
105 35 1.0000
110 35 1.0000
115 35 1.0000
120 35 1.0000
125 35 1.0000
130 35 1.0000
135 35 1.0000
140 35 1.0000
145 35 1.0000
150 35 1.0000
155 35 1.0000
160 35 1.0000
165 35 1.0000
170 35 1.0000
10 40 1.0000
15 40 1.0000
20 40 1.0000
25 40 1.0000
30 40 1.0000
35 40 1.0000
40 40 1.0000
45 40 1.0000
50 40 1.0000
55 40 1.0000
60 40 1.0000
65 40 1.0000
70 40 1.0000
75 40 1.0000
80 40 1.0000
85 40 1.0000
90 40 1.0000
95 40 1.0000
100 40 1.0000
105 40 1.0000
110 40 1.0000
115 40 1.0000
120 40 1.0000
125 40 1.0000
130 40 1.0000
135 40 1.0000
140 40 1.0000
145 40 1.0000
150 40 1.0000
155 40 1.0000
160 40 1.0000
165 40 1.0000
170 40 1.0000
10 45 1.0000
15 45 1.0000
20 45 1.0000
25 45 1.0000
30 45 1.0000
35 45 1.0000
40 45 1.0000
45 45 1.0000
50 45 1.0000
55 45 1.0000
60 45 1.0000
65 45 1.0000
70 45 1.0000
75 45 1.0000
80 45 1.0000
85 45 1.0000
90 45 1.0000
95 45 1.0000
100 45 1.0000
105 45 1.0000
110 45 1.0000
115 45 1.0000
120 45 1.0000
125 45 1.0000
130 45 1.0000
135 45 1.0000
140 45 1.0000
145 45 1.0000
150 45 1.0000
155 45 1.0000
160 45 1.0000
165 45 1.0000
170 45 1.0000
10 50 1.0000
15 50 1.0000
20 50 1.0000
25 50 1.0000
30 50 1.0000
35 50 1.0000
40 50 1.0000
45 50 1.0000
50 50 1.0000
55 50 1.0000
60 50 1.0000
65 50 1.0000
70 50 1.0000
75 50 1.0000
80 50 1.0000
85 50 1.0000
90 50 1.0000
95 50 1.0000
100 50 1.0000
105 50 1.0000
110 50 1.0000
115 50 1.0000
120 50 1.0000
125 50 1.0000
130 50 1.0000
135 50 1.0000
140 50 1.0000
145 50 1.0000
150 50 1.0000
155 50 1.0000
160 50 1.0000
165 50 1.0000
170 50 1.0000
10 55 1.0000
15 55 1.0000
20 55 1.0000
25 55 1.0000
30 55 1.0000
35 55 1.0000
40 55 1.0000
45 55 1.0000
50 55 1.0000
55 55 1.0000
60 55 1.0000
65 55 1.0000
70 55 1.0000
75 55 1.0000
80 55 1.0000
85 55 1.0000
90 55 1.0000
95 55 1.0000
100 55 1.0000
105 55 1.0000
110 55 1.0000
115 55 1.0000
120 55 1.0000
125 55 1.0000
130 55 1.0000
135 55 1.0000
140 55 1.0000
145 55 1.0000
150 55 1.0000
155 55 1.0000
160 55 1.0000
165 55 1.0000
170 55 1.0000
10 60 1.0000
15 60 1.0000
20 60 1.0000
25 60 1.0000
30 60 1.0000
35 60 1.0000
40 60 1.0000
45 60 1.0000
50 60 1.0000
55 60 1.0000
60 60 1.0000
65 60 1.0000
70 60 1.0000
75 60 1.0000
80 60 1.0000
85 60 1.0000
90 60 1.0000
95 60 1.0000
100 60 1.0000
105 60 1.0000
110 60 1.0000
115 60 1.0000
120 60 1.0000
125 60 1.0000
130 60 1.0000
135 60 1.0000
140 60 1.0000
145 60 1.0000
150 60 1.0000
155 60 1.0000
160 60 1.0000
165 60 1.0000
170 60 1.0000
10 65 1.0000
15 65 1.0000
20 65 1.0000
25 65 1.0000
30 65 1.0000
35 65 1.0000
40 65 1.0000
45 65 1.0000
50 65 1.0000
55 65 1.0000
60 65 1.0000
65 65 1.0000
70 65 1.0000
75 65 1.0000
80 65 1.0000
85 65 1.0000
90 65 1.0000
95 65 1.0000
100 65 1.0000
105 65 1.0000
110 65 1.0000
115 65 1.0000
120 65 1.0000
125 65 1.0000
130 65 1.0000
135 65 1.0000
140 65 1.0000
145 65 1.0000
150 65 1.0000
155 65 1.0000
160 65 1.0000
165 65 1.0000
170 65 1.0000
10 70 1.0000
15 70 1.0000
20 70 1.0000
25 70 1.0000
30 70 1.0000
35 70 1.0000
40 70 1.0000
45 70 1.0000
50 70 1.0000
55 70 1.0000
60 70 1.0000
65 70 1.0000
70 70 1.0000
75 70 1.0000
80 70 1.0000
85 70 1.0000
90 70 1.0000
95 70 1.0000
100 70 1.0000
105 70 1.0000
110 70 1.0000
115 70 1.0000
120 70 1.0000
125 70 1.0000
130 70 1.0000
135 70 1.0000
140 70 1.0000
145 70 1.0000
150 70 1.0000
155 70 1.0000
160 70 1.0000
165 70 1.0000
170 70 1.0000
10 75 1.0000
15 75 1.0000
20 75 1.0000
25 75 1.0000
30 75 1.0000
35 75 1.0000
40 75 1.0000
45 75 1.0000
50 75 1.0000
55 75 1.0000
60 75 1.0000
65 75 1.0000
70 75 1.0000
75 75 1.0000
80 75 1.0000
85 75 1.0000
90 75 1.0000
95 75 1.0000
100 75 1.0000
105 75 1.0000
110 75 1.0000
115 75 1.0000
120 75 1.0000
125 75 1.0000
130 75 1.0000
135 75 1.0000
140 75 1.0000
145 75 1.0000
150 75 1.0000
155 75 1.0000
160 75 1.0000
165 75 1.0000
170 75 1.0000
10 80 1.0000
15 80 1.0000
20 80 1.0000
25 80 1.0000
30 80 1.0000
35 80 1.0000
40 80 1.0000
45 80 1.0000
50 80 1.0000
55 80 1.0000
60 80 1.0000
65 80 1.0000
70 80 1.0000
75 80 1.0000
80 80 1.0000
85 80 1.0000
90 80 1.0000
95 80 1.0000
100 80 1.0000
105 80 1.0000
110 80 1.0000
115 80 1.0000
120 80 1.0000
125 80 1.0000
130 80 1.0000
135 80 1.0000
140 80 1.0000
145 80 1.0000
150 80 1.0000
155 80 1.0000
160 80 1.0000
165 80 1.0000
170 80 1.0000
10 85 1.0000
15 85 1.0000
20 85 1.0000
25 85 1.0000
30 85 1.0000
35 85 1.0000
40 85 1.0000
45 85 1.0000
50 85 1.0000
55 85 1.0000
60 85 1.0000
65 85 1.0000
70 85 1.0000
75 85 1.0000
80 85 1.0000
85 85 1.0000
90 85 1.0000
95 85 1.0000
100 85 1.0000
105 85 1.0000
110 85 1.0000
115 85 1.0000
120 85 1.0000
125 85 1.0000
130 85 1.0000
135 85 1.0000
140 85 1.0000
145 85 1.0000
150 85 1.0000
155 85 1.0000
160 85 1.0000
165 85 1.0000
170 85 1.0000
10 90 1.0000
15 90 1.0000
20 90 1.0000
25 90 1.0000
30 90 1.0000
35 90 1.0000
40 90 1.0000
45 90 1.0000
50 90 1.0000
55 90 1.0000
60 90 1.0000
65 90 1.0000
70 90 1.0000
75 90 1.0000
80 90 1.0000
85 90 1.0000
90 90 1.0000
95 90 1.0000
100 90 1.0000
105 90 1.0000
110 90 1.0000
115 90 1.0000
120 90 1.0000
125 90 1.0000
130 90 1.0000
135 90 1.0000
140 90 1.0000
145 90 1.0000
150 90 1.0000
155 90 1.0000
160 90 1.0000
165 90 1.0000
170 90 1.0000
10 95 1.0000
15 95 1.0000
20 95 1.0000
25 95 1.0000
30 95 1.0000
35 95 1.0000
40 95 1.0000
45 95 1.0000
50 95 1.0000
55 95 1.0000
60 95 1.0000
65 95 1.0000
70 95 1.0000
75 95 1.0000
80 95 1.0000
85 95 1.0000
90 95 1.0000
95 95 1.0000
100 95 1.0000
105 95 1.0000
110 95 1.0000
115 95 1.0000
120 95 1.0000
125 95 1.0000
130 95 1.0000
135 95 1.0000
140 95 1.0000
145 95 1.0000
150 95 1.0000
155 95 1.0000
160 95 1.0000
165 95 1.0000
170 95 1.0000
10 100 1.0000
15 100 1.0000
20 100 1.0000
25 100 1.0000
30 100 1.0000
35 100 1.0000
40 100 1.0000
45 100 1.0000
50 100 1.0000
55 100 1.0000
60 100 1.0000
65 100 1.0000
70 100 1.0000
75 100 1.0000
80 100 1.0000
85 100 1.0000
90 100 1.0000
95 100 1.0000
100 100 1.0000
105 100 1.0000
110 100 1.0000
115 100 1.0000
120 100 1.0000
125 100 1.0000
130 100 1.0000
135 100 1.0000
140 100 1.0000
145 100 1.0000
150 100 1.0000
155 100 1.0000
160 100 1.0000
165 100 1.0000
170 100 1.0000
10 105 1.0000
15 105 1.0000
20 105 1.0000
25 105 1.0000
30 105 1.0000
35 105 1.0000
40 105 1.0000
45 105 1.0000
50 105 1.0000
55 105 1.0000
60 105 1.0000
65 105 1.0000
70 105 1.0000
75 105 1.0000
80 105 1.0000
85 105 1.0000
90 105 1.0000
95 105 1.0000
100 105 1.0000
105 105 1.0000
110 105 1.0000
115 105 1.0000
120 105 1.0000
125 105 1.0000
130 105 1.0000
135 105 1.0000
140 105 1.0000
145 105 1.0000
150 105 1.0000
155 105 1.0000
160 105 1.0000
165 105 1.0000
170 105 1.0000
10 110 1.0000
15 110 1.0000
20 110 1.0000
25 110 1.0000
30 110 1.0000
35 110 1.0000
40 110 1.0000
45 110 1.0000
50 110 1.0000
55 110 1.0000
60 110 1.0000
65 110 1.0000
70 110 1.0000
75 110 1.0000
80 110 1.0000
85 110 1.0000
90 110 1.0000
95 110 1.0000
100 110 1.0000
105 110 1.0000
110 110 1.0000
115 110 1.0000
120 110 1.0000
125 110 1.0000
130 110 1.0000
135 110 1.0000
140 110 1.0000
145 110 1.0000
150 110 1.0000
155 110 1.0000
160 110 1.0000
165 110 1.0000
170 110 1.0000
10 115 1.0000
15 115 1.0000
20 115 1.0000
25 115 1.0000
30 115 1.0000
35 115 1.0000
40 115 1.0000
45 115 1.0000
50 115 1.0000
55 115 1.0000
60 115 1.0000
65 115 1.0000
70 115 1.0000
75 115 1.0000
80 115 1.0000
85 115 1.0000
90 115 1.0000
95 115 1.0000
100 115 1.0000
105 115 1.0000
110 115 1.0000
115 115 1.0000
120 115 1.0000
125 115 1.0000
130 115 1.0000
135 115 1.0000
140 115 1.0000
145 115 1.0000
150 115 1.0000
155 115 1.0000
160 115 1.0000
165 115 1.0000
170 115 1.0000
10 120 1.0000
15 120 1.0000
20 120 1.0000
25 120 1.0000
30 120 1.0000
35 120 1.0000
40 120 1.0000
45 120 1.0000
50 120 1.0000
55 120 1.0000
60 120 1.0000
65 120 1.0000
70 120 1.0000
75 120 1.0000
80 120 1.0000
85 120 1.0000
90 120 1.0000
95 120 1.0000
100 120 1.0000
105 120 1.0000
110 120 1.0000
115 120 1.0000
120 120 1.0000
125 120 1.0000
130 120 1.0000
135 120 1.0000
140 120 1.0000
145 120 1.0000
150 120 1.0000
155 120 1.0000
160 120 1.0000
165 120 1.0000
170 120 1.0000
10 125 1.0000
15 125 1.0000
20 125 1.0000
25 125 1.0000
30 125 1.0000
35 125 1.0000
40 125 1.0000
45 125 1.0000
50 125 1.0000
55 125 1.0000
60 125 1.0000
65 125 1.0000
70 125 1.0000
75 125 1.0000
80 125 1.0000
85 125 1.0000
90 125 1.0000
95 125 1.0000
100 125 1.0000
105 125 1.0000
110 125 1.0000
115 125 1.0000
120 125 1.0000
125 125 1.0000
130 125 1.0000
135 125 1.0000
140 125 1.0000
145 125 1.0000
150 125 1.0000
155 125 1.0000
160 125 1.0000
165 125 1.0000
170 125 1.0000
10 130 1.0000
15 130 1.0000
20 130 1.0000
25 130 1.0000
30 130 1.0000
35 130 1.0000
40 130 1.0000
45 130 1.0000
50 130 1.0000
55 130 1.0000
60 130 1.0000
65 130 1.0000
70 130 1.0000
75 130 1.0000
80 130 1.0000
85 130 1.0000
90 130 1.0000
95 130 1.0000
100 130 1.0000
105 130 1.0000
110 130 1.0000
115 130 1.0000
120 130 1.0000
125 130 1.0000
130 130 1.0000
135 130 1.0000
140 130 1.0000
145 130 1.0000
150 130 1.0000
155 130 1.0000
160 130 1.0000
165 130 1.0000
170 130 1.0000
10 135 1.0000
15 135 1.0000
20 135 1.0000
25 135 1.0000
30 135 1.0000
35 135 1.0000
40 135 1.0000
45 135 1.0000
50 135 1.0000
55 135 1.0000
60 135 1.0000
65 135 1.0000
70 135 1.0000
75 135 1.0000
80 135 1.0000
85 135 1.0000
90 135 1.0000
95 135 1.0000
100 135 1.0000
105 135 1.0000
110 135 1.0000
115 135 1.0000
120 135 1.0000
125 135 1.0000
130 135 1.0000
135 135 1.0000
140 135 1.0000
145 135 1.0000
150 135 1.0000
155 135 1.0000
160 135 1.0000
165 135 1.0000
170 135 1.0000
10 140 1.0000
15 140 1.0000
20 140 1.0000
25 140 1.0000
30 140 1.0000
35 140 1.0000
40 140 1.0000
45 140 1.0000
50 140 1.0000
55 140 1.0000
60 140 1.0000
65 140 1.0000
70 140 1.0000
75 140 1.0000
80 140 1.0000
85 140 1.0000
90 140 1.0000
95 140 1.0000
100 140 1.0000
105 140 1.0000
110 140 1.0000
115 140 1.0000
120 140 1.0000
125 140 1.0000
130 140 1.0000
135 140 1.0000
140 140 1.0000
145 140 1.0000
150 140 1.0000
155 140 1.0000
160 140 1.0000
165 140 1.0000
170 140 1.0000
10 145 1.0000
15 145 1.0000
20 145 1.0000
25 145 1.0000
30 145 1.0000
35 145 1.0000
40 145 1.0000
45 145 1.0000
50 145 1.0000
55 145 1.0000
60 145 1.0000
65 145 1.0000
70 145 1.0000
75 145 1.0000
80 145 1.0000
85 145 1.0000
90 145 1.0000
95 145 1.0000
100 145 1.0000
105 145 1.0000
110 145 1.0000
115 145 1.0000
120 145 1.0000
125 145 1.0000
130 145 1.0000
135 145 1.0000
140 145 1.0000
145 145 1.0000
150 145 1.0000
155 145 1.0000
160 145 1.0000
165 145 1.0000
170 145 1.0000
10 150 1.0000
15 150 1.0000
20 150 1.0000
25 150 1.0000
30 150 1.0000
35 150 1.0000
40 150 1.0000
45 150 1.0000
50 150 1.0000
55 150 1.0000
60 150 1.0000
65 150 1.0000
70 150 1.0000
75 150 1.0000
80 150 1.0000
85 150 1.0000
90 150 1.0000
95 150 1.0000
100 150 1.0000
105 150 1.0000
110 150 1.0000
115 150 1.0000
120 150 1.0000
125 150 1.0000
130 150 1.0000
135 150 1.0000
140 150 1.0000
145 150 1.0000
150 150 1.0000
155 150 1.0000
160 150 1.0000
165 150 1.0000
170 150 1.0000
10 155 1.0000
15 155 1.0000
20 155 1.0000
25 155 1.0000
30 155 1.0000
35 155 1.0000
40 155 1.0000
45 155 1.0000
50 155 1.0000
55 155 1.0000
60 155 1.0000
65 155 1.0000
70 155 1.0000
75 155 1.0000
80 155 1.0000
85 155 1.0000
90 155 1.0000
95 155 1.0000
100 155 1.0000
105 155 1.0000
110 155 1.0000
115 155 1.0000
120 155 1.0000
125 155 1.0000
130 155 1.0000
135 155 1.0000
140 155 1.0000
145 155 1.0000
150 155 1.0000
155 155 1.0000
160 155 1.0000
165 155 1.0000
170 155 1.0000
10 160 1.0000
15 160 1.0000
20 160 1.0000
25 160 1.0000
30 160 1.0000
35 160 1.0000
40 160 1.0000
45 160 1.0000
50 160 1.0000
55 160 1.0000
60 160 1.0000
65 160 1.0000
70 160 1.0000
75 160 1.0000
80 160 1.0000
85 160 1.0000
90 160 1.0000
95 160 1.0000
100 160 1.0000
105 160 1.0000
110 160 1.0000
115 160 1.0000
120 160 1.0000
125 160 1.0000
130 160 1.0000
135 160 1.0000
140 160 1.0000
145 160 1.0000
150 160 1.0000
155 160 1.0000
160 160 1.0000
165 160 1.0000
170 160 1.0000
10 165 1.0000
15 165 1.0000
20 165 1.0000
25 165 1.0000
30 165 1.0000
35 165 1.0000
40 165 1.0000
45 165 1.0000
50 165 1.0000
55 165 1.0000
60 165 1.0000
65 165 1.0000
70 165 1.0000
75 165 1.0000
80 165 1.0000
85 165 1.0000
90 165 1.0000
95 165 1.0000
100 165 1.0000
105 165 1.0000
110 165 1.0000
115 165 1.0000
120 165 1.0000
125 165 1.0000
130 165 1.0000
135 165 1.0000
140 165 1.0000
145 165 1.0000
150 165 1.0000
155 165 1.0000
160 165 1.0000
165 165 1.0000
170 165 1.0000
10 170 1.0000
15 170 1.0000
20 170 1.0000
25 170 1.0000
30 170 1.0000
35 170 1.0000
40 170 1.0000
45 170 1.0000
50 170 1.0000
55 170 1.0000
60 170 1.0000
65 170 1.0000
70 170 1.0000
75 170 1.0000
80 170 1.0000
85 170 1.0000
90 170 1.0000
95 170 1.0000
100 170 1.0000
105 170 1.0000
110 170 1.0000
115 170 1.0000
120 170 1.0000
125 170 1.0000
130 170 1.0000
135 170 1.0000
140 170 1.0000
145 170 1.0000
150 170 1.0000
155 170 1.0000
160 170 1.0000
165 170 1.0000
170 170 1.0000
10 175 1.0000
15 175 1.0000
20 175 1.0000
25 175 1.0000
30 175 1.0000
35 175 1.0000
40 175 1.0000
45 175 1.0000
50 175 1.0000
55 175 1.0000
60 175 1.0000
65 175 1.0000
70 175 1.0000
75 175 1.0000
80 175 1.0000
85 175 1.0000
90 175 1.0000
95 175 1.0000
100 175 1.0000
105 175 1.0000
110 175 1.0000
115 175 1.0000
120 175 1.0000
125 175 1.0000
130 175 1.0000
135 175 1.0000
140 175 1.0000
145 175 1.0000
150 175 1.0000
155 175 1.0000
160 175 1.0000
165 175 1.0000
170 175 1.0000
