10 -180 0.2311
15 -180 0.1961
20 -180 0.2227
25 -180 0.2668
30 -180 0.2690
35 -180 0.2678
40 -180 0.2715
45 -180 0.2498
50 -180 0.2220
55 -180 0.2066
60 -180 0.1855
65 -180 0.1661
70 -180 0.1516
75 -180 0.1381
80 -180 0.1396
85 -180 0.1384
90 -180 0.1279
95 -180 0.1119
100 -180 0.0970
105 -180 0.0851
110 -180 0.0755
115 -180 0.0293
120 -180 0.0110
125 -180 0.0050
130 -180 0.0050
135 -180 0.0114
140 -180 0.0305
145 -180 0.0312
150 -180 0.0827
155 -180 0.1054
160 -180 0.1131
165 -180 0.1055
170 -180 0.0802
10 -175 0.2320
15 -175 0.1978
20 -175 0.1864
25 -175 0.2100
30 -175 0.2511
35 -175 0.2685
40 -175 0.2595
45 -175 0.2375
50 -175 0.2149
55 -175 0.1955
60 -175 0.1794
65 -175 0.1749
70 -175 0.1609
75 -175 0.1469
80 -175 0.1482
85 -175 0.1525
90 -175 0.1522
95 -175 0.1410
100 -175 0.1222
105 -175 0.1034
110 -175 0.0877
115 -175 0.0757
120 -175 0.0346
125 -175 0.0177
130 -175 0.0069
135 -175 0.0102
140 -175 0.0312
145 -175 0.0328
150 -175 0.0631
155 -175 0.0964
160 -175 0.1026
165 -175 0.1000
170 -175 0.0894
10 -170 0.1666
15 -170 0.1483
20 -170 0.1652
25 -170 0.1721
30 -170 0.2083
35 -170 0.2390
40 -170 0.2356
45 -170 0.2167
50 -170 0.1987
55 -170 0.1763
60 -170 0.1706
65 -170 0.1645
70 -170 0.1550
75 -170 0.1586
80 -170 0.1540
85 -170 0.1514
90 -170 0.1563
95 -170 0.1586
100 -170 0.1464
105 -170 0.1233
110 -170 0.1051
115 -170 0.0902
120 -170 0.0786
125 -170 0.0354
130 -170 0.0147
135 -170 0.0104
140 -170 0.0202
145 -170 0.0261
150 -170 0.0422
155 -170 0.0823
160 -170 0.0957
165 -170 0.0975
170 -170 0.1025
10 -165 0.1144
15 -165 0.0731
20 -165 0.1040
25 -165 0.1231
30 -165 0.1251
35 -165 0.1566
40 -165 0.1368
45 -165 0.1129
50 -165 0.1265
55 -165 0.1414
60 -165 0.1440
65 -165 0.1390
70 -165 0.1418
75 -165 0.1498
80 -165 0.1583
85 -165 0.1688
90 -165 0.1522
95 -165 0.1498
100 -165 0.1509
105 -165 0.1415
110 -165 0.1274
115 -165 0.1121
120 -165 0.0919
125 -165 0.0651
130 -165 0.0244
135 -165 0.0123
140 -165 0.0194
145 -165 0.0351
150 -165 0.0356
155 -165 0.0682
160 -165 0.0854
165 -165 0.0922
170 -165 0.1184
10 -160 0.0595
15 -160 0.0935
20 -160 0.1232
25 -160 0.1510
30 -160 0.1454
35 -160 0.1843
40 -160 0.2288
45 -160 0.1939
50 -160 0.1474
55 -160 0.1086
60 -160 0.1100
65 -160 0.1134
70 -160 0.1184
75 -160 0.1336
80 -160 0.1437
85 -160 0.1414
90 -160 0.1232
95 -160 0.1386
100 -160 0.1481
105 -160 0.1440
110 -160 0.1376
115 -160 0.1311
120 -160 0.1113
125 -160 0.0798
130 -160 0.0584
135 -160 0.0343
140 -160 0.0195
145 -160 0.0339
150 -160 0.0469
155 -160 0.0550
160 -160 0.0781
165 -160 0.0921
170 -160 0.1258
10 -155 0.1012
15 -155 0.1348
20 -155 0.1582
25 -155 0.1481
30 -155 0.1114
35 -155 0.1265
40 -155 0.1467
45 -155 0.1556
50 -155 0.1292
55 -155 0.0951
60 -155 0.0747
65 -155 0.0762
70 -155 0.0734
75 -155 0.0792
80 -155 0.0810
85 -155 0.0867
90 -155 0.1001
95 -155 0.1151
100 -155 0.1275
105 -155 0.1262
110 -155 0.1236
115 -155 0.1127
120 -155 0.1034
125 -155 0.0832
130 -155 0.0537
135 -155 0.0488
140 -155 0.0330
145 -155 0.0294
150 -155 0.0319
155 -155 0.0500
160 -155 0.0726
165 -155 0.1008
170 -155 0.1200
10 -150 0.1385
15 -150 0.1627
20 -150 0.1638
25 -150 0.1313
30 -150 0.0888
35 -150 0.0792
40 -150 0.1457
45 -150 0.1175
50 -150 0.0779
55 -150 0.0645
60 -150 0.0187
65 -150 0.0115
70 -150 0.0238
75 -150 0.0327
80 -150 0.0415
85 -150 0.0507
90 -150 0.0601
95 -150 0.0733
100 -150 0.0911
105 -150 0.0858
110 -150 0.0999
115 -150 0.1035
120 -150 0.1011
125 -150 0.0924
130 -150 0.0727
135 -150 0.0470
140 -150 0.0471
145 -150 0.0407
150 -150 0.0386
155 -150 0.0541
160 -150 0.0724
165 -150 0.1083
170 -150 0.0958
10 -145 0.1562
15 -145 0.1372
20 -145 0.0811
25 -145 0.1087
30 -145 0.1119
35 -145 0.0750
40 -145 0.1021
45 -145 0.0907
50 -145 0.0634
55 -145 0.0330
60 -145 0.0137
65 -145 0.0111
70 -145 0.0180
75 -145 0.0330
80 -145 0.0321
85 -145 0.0378
90 -145 0.0393
95 -145 0.0575
100 -145 0.0733
105 -145 0.0716
110 -145 0.1014
115 -145 0.1104
120 -145 0.1062
125 -145 0.0976
130 -145 0.0777
135 -145 0.0802
140 -145 0.0756
145 -145 0.0537
150 -145 0.0582
155 -145 0.0598
160 -145 0.0868
165 -145 0.1079
170 -145 0.0678
10 -140 0.1252
15 -140 0.1091
20 -140 0.1413
25 -140 0.1354
30 -140 0.1036
35 -140 0.0946
40 -140 0.1139
45 -140 0.0927
50 -140 0.0592
55 -140 0.0122
60 -140 0.0072
65 -140 0.0120
70 -140 0.0346
75 -140 0.0453
80 -140 0.0373
85 -140 0.0421
90 -140 0.0554
95 -140 0.0674
100 -140 0.0722
105 -140 0.0864
110 -140 0.1091
115 -140 0.1085
120 -140 0.0994
125 -140 0.0900
130 -140 0.0891
135 -140 0.1067
140 -140 0.0972
145 -140 0.0721
150 -140 0.0757
155 -140 0.0824
160 -140 0.1173
165 -140 0.1244
170 -140 0.0781
10 -135 0.0999
15 -135 0.1401
20 -135 0.1306
25 -135 0.0933
30 -135 0.0800
35 -135 0.1334
40 -135 0.1238
45 -135 0.0776
50 -135 0.0052
55 -135 0.0090
60 -135 0.0020
65 -135 0.0076
70 -135 0.0433
75 -135 0.0450
80 -135 0.0524
85 -135 0.0702
90 -135 0.0888
95 -135 0.1050
100 -135 0.1098
105 -135 0.0965
110 -135 0.0934
115 -135 0.0923
120 -135 0.0803
125 -135 0.0850
130 -135 0.1189
135 -135 0.1237
140 -135 0.1189
145 -135 0.0903
150 -135 0.0943
155 -135 0.1268
160 -135 0.1264
165 -135 0.1535
170 -135 0.1307
10 -130 0.1330
15 -130 0.1249
20 -130 0.0820
25 -130 0.0921
30 -130 0.1444
35 -130 0.1824
40 -130 0.1718
45 -130 0.1043
50 -130 0.0673
55 -130 0.0369
60 -130 0.0109
65 -130 0.0214
70 -130 0.0361
75 -130 0.0324
80 -130 0.0483
85 -130 0.0636
90 -130 0.0742
95 -130 0.0882
100 -130 0.1518
105 -130 0.1575
110 -130 0.1523
115 -130 0.1241
120 -130 0.0975
125 -130 0.1132
130 -130 0.1279
135 -130 0.1407
140 -130 0.1324
145 -130 0.0606
150 -130 0.1415
155 -130 0.1247
160 -130 0.1708
165 -130 0.1817
170 -130 0.1688
10 -125 0.1310
15 -125 0.1024
20 -125 0.1155
25 -125 0.1232
30 -125 0.1613
35 -125 0.1819
40 -125 0.1335
45 -125 0.1371
50 -125 0.1257
55 -125 0.1101
60 -125 0.0797
65 -125 0.0699
70 -125 0.0907
75 -125 0.0844
80 -125 0.0944
85 -125 0.0998
90 -125 0.1077
95 -125 0.1228
100 -125 0.1353
105 -125 0.1494
110 -125 0.1679
115 -125 0.1901
120 -125 0.2130
125 -125 0.1949
130 -125 0.2061
135 -125 0.1942
140 -125 0.0992
145 -125 0.1570
150 -125 0.1302
155 -125 0.1628
160 -125 0.1942
165 -125 0.2057
170 -125 0.1988
10 -120 0.1022
15 -120 0.1170
20 -120 0.1307
25 -120 0.1431
30 -120 0.1692
35 -120 0.1635
40 -120 0.1357
45 -120 0.1201
50 -120 0.1343
55 -120 0.1339
60 -120 0.1352
65 -120 0.1392
70 -120 0.1314
75 -120 0.1146
80 -120 0.0776
85 -120 0.0690
90 -120 0.0801
95 -120 0.0974
100 -120 0.1161
105 -120 0.1336
110 -120 0.1460
115 -120 0.1611
120 -120 0.1943
125 -120 0.2353
130 -120 0.2353
135 -120 0.2244
140 -120 0.1592
145 -120 0.1738
150 -120 0.1999
155 -120 0.2092
160 -120 0.1877
165 -120 0.2196
170 -120 0.2192
10 -115 0.0692
15 -115 0.1231
20 -115 0.1399
25 -115 0.1521
30 -115 0.1602
35 -115 0.1579
40 -115 0.1552
45 -115 0.1396
50 -115 0.1348
55 -115 0.1476
60 -115 0.1613
65 -115 0.1696
70 -115 0.1540
75 -115 0.1312
80 -115 0.1042
85 -115 0.0863
90 -115 0.0825
95 -115 0.0850
100 -115 0.1025
105 -115 0.1217
110 -115 0.1412
115 -115 0.1544
120 -115 0.1638
125 -115 0.1686
130 -115 0.1947
135 -115 0.1926
140 -115 0.1968
145 -115 0.2452
150 -115 0.2558
155 -115 0.2217
160 -115 0.1896
165 -115 0.2259
170 -115 0.2353
10 -110 0.0787
15 -110 0.1232
20 -110 0.1374
25 -110 0.1522
30 -110 0.1571
35 -110 0.1526
40 -110 0.1560
45 -110 0.1591
50 -110 0.1597
55 -110 0.1753
60 -110 0.1910
65 -110 0.2089
70 -110 0.1978
75 -110 0.1675
80 -110 0.1308
85 -110 0.1204
90 -110 0.1024
95 -110 0.0906
100 -110 0.1077
105 -110 0.1234
110 -110 0.1388
115 -110 0.1559
120 -110 0.1638
125 -110 0.1543
130 -110 0.1143
135 -110 0.1693
140 -110 0.2231
145 -110 0.2915
150 -110 0.2964
155 -110 0.2334
160 -110 0.2046
165 -110 0.2351
170 -110 0.2473
10 -105 0.0827
15 -105 0.1205
20 -105 0.1337
25 -105 0.1455
30 -105 0.1535
35 -105 0.1506
40 -105 0.1466
45 -105 0.1536
50 -105 0.1822
55 -105 0.1946
60 -105 0.2135
65 -105 0.2438
70 -105 0.2475
75 -105 0.2456
80 -105 0.1922
85 -105 0.1366
90 -105 0.1016
95 -105 0.0961
100 -105 0.1211
105 -105 0.1340
110 -105 0.1409
115 -105 0.1524
120 -105 0.1544
125 -105 0.1480
130 -105 0.1191
135 -105 0.2095
140 -105 0.2641
145 -105 0.2966
150 -105 0.2948
155 -105 0.2631
160 -105 0.2397
165 -105 0.2608
170 -105 0.2576
10 -100 0.0806
15 -100 0.1183
20 -100 0.1186
25 -100 0.1463
30 -100 0.1493
35 -100 0.1512
40 -100 0.1341
45 -100 0.1232
50 -100 0.1515
55 -100 0.1842
60 -100 0.2190
65 -100 0.2516
70 -100 0.2420
75 -100 0.2357
80 -100 0.2065
85 -100 0.1329
90 -100 0.0959
95 -100 0.0987
100 -100 0.1081
105 -100 0.1135
110 -100 0.1225
115 -100 0.1335
120 -100 0.1240
125 -100 0.1316
130 -100 0.1056
135 -100 0.2062
140 -100 0.2705
145 -100 0.3119
150 -100 0.2866
155 -100 0.2913
160 -100 0.2892
165 -100 0.2750
170 -100 0.2675
10 -95 0.0774
15 -95 0.1029
20 -95 0.1160
25 -95 0.1336
30 -95 0.1361
35 -95 0.1385
40 -95 0.1078
45 -95 0.1278
50 -95 0.1447
55 -95 0.1721
60 -95 0.2069
65 -95 0.2321
70 -95 0.2228
75 -95 0.1908
80 -95 0.1789
85 -95 0.1466
90 -95 0.0794
95 -95 0.0724
100 -95 0.0744
105 -95 0.1036
110 -95 0.1069
115 -95 0.1151
120 -95 0.1168
125 -95 0.1363
130 -95 0.1204
135 -95 0.2118
140 -95 0.2957
145 -95 0.3114
150 -95 0.2768
155 -95 0.2797
160 -95 0.2744
165 -95 0.2552
170 -95 0.2945
10 -90 0.0821
15 -90 0.0815
20 -90 0.1115
25 -90 0.1183
30 -90 0.1196
35 -90 0.0760
40 -90 0.1034
45 -90 0.1119
50 -90 0.1085
55 -90 0.1325
60 -90 0.1559
65 -90 0.1722
70 -90 0.1604
75 -90 0.0669
80 -90 0.0695
85 -90 0.0582
90 -90 0.0297
95 -90 0.0339
100 -90 0.0597
105 -90 0.0694
110 -90 0.0800
115 -90 0.0994
120 -90 0.0390
125 -90 0.0328
130 -90 0.1203
135 -90 0.2004
140 -90 0.2683
145 -90 0.3021
150 -90 0.2080
155 -90 0.2212
160 -90 0.2512
165 -90 0.2847
170 -90 0.2956
10 -85 0.0805
15 -85 0.0550
20 -85 0.0702
25 -85 0.0786
30 -85 0.0837
35 -85 0.0729
40 -85 0.0870
45 -85 0.1029
50 -85 0.0779
55 -85 0.0982
60 -85 0.0913
65 -85 0.0591
70 -85 0.0127
75 -85 0.0088
80 -85 0.0063
85 -85 0.0126
90 -85 0.0015
95 -85 0.0172
100 -85 0.0109
105 -85 0.0186
110 -85 0.0134
115 -85 0.0044
120 -85 0.0017
125 -85 0.0023
130 -85 0.1016
135 -85 0.1746
140 -85 0.2534
145 -85 0.2342
150 -85 0.2263
155 -85 0.2380
160 -85 0.2499
165 -85 0.2568
170 -85 0.2583
10 -80 0.0678
15 -80 0.0787
20 -80 0.0656
25 -80 0.0627
30 -80 0.1073
35 -80 0.1214
40 -80 0.1046
45 -80 0.1190
50 -80 0.1193
55 -80 0.1004
60 -80 0.0862
65 -80 0.0536
70 -80 0.0069
75 -80 0.0069
80 -80 0.0041
85 -80 0.0044
90 -80 0.0019
95 -80 0.0407
100 -80 0.0810
105 -80 0.1013
110 -80 0.1048
115 -80 0.0964
120 -80 0.0134
125 -80 0.0224
130 -80 0.1299
135 -80 0.2492
140 -80 0.2325
145 -80 0.2209
150 -80 0.2224
155 -80 0.2248
160 -80 0.2313
165 -80 0.2314
170 -80 0.2302
10 -75 0.0466
15 -75 0.0820
20 -75 0.0511
25 -75 0.0585
30 -75 0.1034
35 -75 0.1094
40 -75 0.1554
45 -75 0.1613
50 -75 0.1498
55 -75 0.1279
60 -75 0.1084
65 -75 0.0806
70 -75 0.0411
75 -75 0.0172
80 -75 0.0091
85 -75 0.0067
90 -75 0.0215
95 -75 0.0655
100 -75 0.0830
105 -75 0.0913
110 -75 0.1453
115 -75 0.1870
120 -75 0.2486
125 -75 0.2869
130 -75 0.2972
135 -75 0.2630
140 -75 0.1855
145 -75 0.1747
150 -75 0.1601
155 -75 0.1144
160 -75 0.1830
165 -75 0.1308
170 -75 0.1007
10 -70 0.0569
15 -70 0.0747
20 -70 0.0423
25 -70 0.0212
30 -70 0.0132
35 -70 0.1027
40 -70 0.1519
45 -70 0.1573
50 -70 0.1531
55 -70 0.1467
60 -70 0.1242
65 -70 0.1013
70 -70 0.0819
75 -70 0.0780
80 -70 0.0756
85 -70 0.0802
90 -70 0.0926
95 -70 0.1278
100 -70 0.1678
105 -70 0.1989
110 -70 0.2171
115 -70 0.2435
120 -70 0.2342
125 -70 0.2550
130 -70 0.2711
135 -70 0.2570
140 -70 0.1346
145 -70 0.1115
150 -70 0.0763
155 -70 0.0960
160 -70 0.1221
165 -70 0.1407
170 -70 0.1533
10 -65 0.0624
15 -65 0.0677
20 -65 0.0284
25 -65 0.0128
30 -65 0.0079
35 -65 0.1619
40 -65 0.2098
45 -65 0.2348
50 -65 0.1987
55 -65 0.1494
60 -65 0.1123
65 -65 0.0934
70 -65 0.0812
75 -65 0.0742
80 -65 0.0675
85 -65 0.0753
90 -65 0.0952
95 -65 0.1274
100 -65 0.1690
105 -65 0.2161
110 -65 0.2180
115 -65 0.2287
120 -65 0.2222
125 -65 0.2422
130 -65 0.2495
135 -65 0.1752
140 -65 0.1314
145 -65 0.1027
150 -65 0.1074
155 -65 0.1281
160 -65 0.1521
165 -65 0.1653
170 -65 0.1760
10 -60 0.0641
15 -60 0.0642
20 -60 0.0233
25 -60 0.0079
30 -60 0.0046
35 -60 0.2037
40 -60 0.2559
45 -60 0.2709
50 -60 0.2538
55 -60 0.2294
60 -60 0.1982
65 -60 0.1848
70 -60 0.1681
75 -60 0.1550
80 -60 0.1415
85 -60 0.1273
90 -60 0.1394
95 -60 0.1614
100 -60 0.1828
105 -60 0.2248
110 -60 0.2499
115 -60 0.2553
120 -60 0.2501
125 -60 0.2346
130 -60 0.2044
135 -60 0.1535
140 -60 0.1230
145 -60 0.0753
150 -60 0.1082
155 -60 0.1654
160 -60 0.1870
165 -60 0.1889
170 -60 0.1991
10 -55 0.0639
15 -55 0.0622
20 -55 0.0158
25 -55 0.0034
30 -55 0.1092
35 -55 0.2255
40 -55 0.2686
45 -55 0.2831
50 -55 0.2993
55 -55 0.2700
60 -55 0.2423
65 -55 0.2265
70 -55 0.2072
75 -55 0.1843
80 -55 0.1759
85 -55 0.1744
90 -55 0.1807
95 -55 0.1922
100 -55 0.2232
105 -55 0.2512
110 -55 0.2250
115 -55 0.2135
120 -55 0.2091
125 -55 0.2106
130 -55 0.1688
135 -55 0.1551
140 -55 0.0891
145 -55 0.1432
150 -55 0.1445
155 -55 0.1756
160 -55 0.2118
165 -55 0.2065
170 -55 0.1992
10 -50 0.0595
15 -50 0.0617
20 -50 0.0239
25 -50 0.0116
30 -50 0.1488
35 -50 0.2187
40 -50 0.2647
45 -50 0.2672
50 -50 0.2840
55 -50 0.2968
60 -50 0.3092
65 -50 0.2915
70 -50 0.2693
75 -50 0.2488
80 -50 0.2320
85 -50 0.2283
90 -50 0.2285
95 -50 0.2399
100 -50 0.2369
105 -50 0.2210
110 -50 0.2290
115 -50 0.2065
120 -50 0.2088
125 -50 0.1906
130 -50 0.1831
135 -50 0.1652
140 -50 0.1215
145 -50 0.1650
150 -50 0.1718
155 -50 0.2054
160 -50 0.2244
165 -50 0.2057
170 -50 0.1940
10 -45 0.0514
15 -45 0.0545
20 -45 0.0179
25 -45 0.0132
30 -45 0.1500
35 -45 0.1950
40 -45 0.2286
45 -45 0.2624
50 -45 0.2609
55 -45 0.2707
60 -45 0.2747
65 -45 0.2562
70 -45 0.2285
75 -45 0.2054
80 -45 0.1888
85 -45 0.1872
90 -45 0.1874
95 -45 0.1836
100 -45 0.1809
105 -45 0.1596
110 -45 0.1930
115 -45 0.2228
120 -45 0.2308
125 -45 0.2060
130 -45 0.1765
135 -45 0.1642
140 -45 0.1439
145 -45 0.1818
150 -45 0.2067
155 -45 0.2325
160 -45 0.2309
165 -45 0.2084
170 -45 0.1931
10 -40 0.0405
15 -40 0.0443
20 -40 0.0074
25 -40 0.0092
30 -40 0.1399
35 -40 0.1726
40 -40 0.2025
45 -40 0.2432
50 -40 0.2479
55 -40 0.2524
60 -40 0.2547
65 -40 0.2563
70 -40 0.2413
75 -40 0.2185
80 -40 0.2060
85 -40 0.1924
90 -40 0.1782
95 -40 0.1702
100 -40 0.1580
105 -40 0.1745
110 -40 0.1825
115 -40 0.1946
120 -40 0.1973
125 -40 0.1925
130 -40 0.1902
135 -40 0.1702
140 -40 0.1509
145 -40 0.2013
150 -40 0.2304
155 -40 0.2456
160 -40 0.2344
165 -40 0.2032
170 -40 0.1861
10 -35 0.0456
15 -35 0.0245
20 -35 0.0046
25 -35 0.0206
30 -35 0.1190
35 -35 0.1568
40 -35 0.1825
45 -35 0.2227
50 -35 0.2320
55 -35 0.2517
60 -35 0.2492
65 -35 0.2507
70 -35 0.2482
75 -35 0.2256
80 -35 0.2051
85 -35 0.1930
90 -35 0.1721
95 -35 0.1598
100 -35 0.1771
105 -35 0.1843
110 -35 0.1873
115 -35 0.1938
120 -35 0.1882
125 -35 0.1965
130 -35 0.2015
135 -35 0.1876
140 -35 0.1571
145 -35 0.2139
150 -35 0.2509
155 -35 0.2441
160 -35 0.1994
165 -35 0.1768
170 -35 0.1732
10 -30 0.0569
15 -30 0.0096
20 -30 0.0056
25 -30 0.0550
30 -30 0.0961
35 -30 0.0887
40 -30 0.1832
45 -30 0.2050
50 -30 0.2198
55 -30 0.2286
60 -30 0.2240
65 -30 0.2176
70 -30 0.2168
75 -30 0.2047
80 -30 0.1844
85 -30 0.1699
90 -30 0.1385
95 -30 0.1901
100 -30 0.1932
105 -30 0.1979
110 -30 0.2044
115 -30 0.2099
120 -30 0.2173
125 -30 0.2072
130 -30 0.2175
135 -30 0.2003
140 -30 0.1788
145 -30 0.2075
150 -30 0.2457
155 -30 0.2168
160 -30 0.1597
165 -30 0.1503
170 -30 0.1635
10 -25 0.0689
15 -25 0.0097
20 -25 0.0113
25 -25 0.0796
30 -25 0.1095
35 -25 0.1000
40 -25 0.1863
45 -25 0.1976
50 -25 0.2013
55 -25 0.1819
60 -25 0.1853
65 -25 0.1782
70 -25 0.1674
75 -25 0.1525
80 -25 0.0994
85 -25 0.1131
90 -25 0.1368
95 -25 0.1515
100 -25 0.1730
105 -25 0.2099
110 -25 0.1927
115 -25 0.2136
120 -25 0.2452
125 -25 0.2331
130 -25 0.2087
135 -25 0.2112
140 -25 0.1653
145 -25 0.1670
150 -25 0.2036
155 -25 0.1805
160 -25 0.1477
165 -25 0.1287
170 -25 0.1605
10 -20 0.0733
15 -20 0.0599
20 -20 0.0256
25 -20 0.0860
30 -20 0.1057
35 -20 0.1038
40 -20 0.1819
45 -20 0.1378
50 -20 0.1347
55 -20 0.1471
60 -20 0.1610
65 -20 0.1711
70 -20 0.1707
75 -20 0.1454
80 -20 0.1022
85 -20 0.1352
90 -20 0.1454
95 -20 0.1629
100 -20 0.1880
105 -20 0.2255
110 -20 0.2400
115 -20 0.2465
120 -20 0.2253
125 -20 0.2358
130 -20 0.2257
135 -20 0.1642
140 -20 0.0936
145 -20 0.1527
150 -20 0.1752
155 -20 0.1496
160 -20 0.1233
165 -20 0.1430
170 -20 0.1548
10 -15 0.0904
15 -15 0.0831
20 -15 0.0816
25 -15 0.0490
30 -15 0.1432
35 -15 0.1348
40 -15 0.1305
45 -15 0.1210
50 -15 0.1106
55 -15 0.1479
60 -15 0.2046
65 -15 0.1624
70 -15 0.1744
75 -15 0.1779
80 -15 0.1711
85 -15 0.1774
90 -15 0.1966
95 -15 0.2106
100 -15 0.2317
105 -15 0.2708
110 -15 0.2787
115 -15 0.2455
120 -15 0.1747
125 -15 0.2429
130 -15 0.2024
135 -15 0.1490
140 -15 0.1544
145 -15 0.1819
150 -15 0.1352
155 -15 0.1686
160 -15 0.1525
165 -15 0.1738
170 -15 0.1383
10 -10 0.0987
15 -10 0.1008
20 -10 0.0864
25 -10 0.0694
30 -10 0.1229
35 -10 0.1948
40 -10 0.2026
45 -10 0.1230
50 -10 0.2000
55 -10 0.1320
60 -10 0.1062
65 -10 0.1313
70 -10 0.1652
75 -10 0.1918
80 -10 0.2168
85 -10 0.2221
90 -10 0.2230
95 -10 0.2410
100 -10 0.2702
105 -10 0.3018
110 -10 0.3144
115 -10 0.3198
120 -10 0.2883
125 -10 0.2236
130 -10 0.2857
135 -10 0.2424
140 -10 0.1722
145 -10 0.1665
150 -10 0.1889
155 -10 0.1750
160 -10 0.1604
165 -10 0.1473
170 -10 0.1170
10 -5 0.1107
15 -5 0.0943
20 -5 0.1077
25 -5 0.0733
30 -5 0.1083
35 -5 0.1293
40 -5 0.0956
45 -5 0.2041
50 -5 0.0948
55 -5 0.1018
60 -5 0.1166
65 -5 0.1223
70 -5 0.1394
75 -5 0.1503
80 -5 0.1716
85 -5 0.2012
90 -5 0.2208
95 -5 0.2421
100 -5 0.2812
105 -5 0.3091
110 -5 0.3480
115 -5 0.3397
120 -5 0.3304
125 -5 0.2759
130 -5 0.2163
135 -5 0.2707
140 -5 0.2407
145 -5 0.1171
150 -5 0.1723
155 -5 0.1411
160 -5 0.1198
165 -5 0.1075
170 -5 0.0954
10 0 0.1093
15 0 0.1184
20 0 0.1542
25 0 0.1499
30 0 0.1596
35 0 0.1614
40 0 0.1815
45 0 0.0804
50 0 0.0441
55 0 0.0528
60 0 0.0784
65 0 0.1116
70 0 0.1363
75 0 0.1579
80 0 0.1673
85 0 0.1820
90 0 0.2153
95 0 0.2456
100 0 0.2718
105 0 0.3571
110 0 0.3676
115 0 0.3517
120 0 0.2618
125 0 0.2133
130 0 0.1641
135 0 0.1697
140 0 0.1182
145 0 0.1088
150 0 0.1450
155 0 0.1096
160 0 0.0998
165 0 0.1081
170 0 0.1301
10 5 0.1109
15 5 0.1070
20 5 0.1912
25 5 0.2192
30 5 0.2125
35 5 0.2085
40 5 0.2009
45 5 0.1292
50 5 0.0439
55 5 0.0468
60 5 0.0554
65 5 0.0715
70 5 0.1143
75 5 0.1486
80 5 0.1596
85 5 0.1739
90 5 0.2013
95 5 0.2326
100 5 0.2680
105 5 0.3291
110 5 0.3356
115 5 0.2767
120 5 0.2117
125 5 0.1692
130 5 0.1969
135 5 0.2227
140 5 0.2522
145 5 0.2510
150 5 0.2251
155 5 0.1963
160 5 0.1815
165 5 0.1870
170 5 0.1869
10 10 0.1120
15 10 0.1192
20 10 0.1643
25 10 0.2243
30 10 0.2313
35 10 0.2369
40 10 0.2250
45 10 0.1884
50 10 0.0754
55 10 0.0557
60 10 0.0638
65 10 0.0504
70 10 0.0125
75 10 0.0241
80 10 0.1350
85 10 0.1683
90 10 0.2070
95 10 0.2404
100 10 0.2752
105 10 0.3108
110 10 0.3245
115 10 0.2763
120 10 0.2523
125 10 0.2535
130 10 0.2597
135 10 0.2505
140 10 0.2202
145 10 0.1312
150 10 0.0859
155 10 0.0845
160 10 0.1120
165 10 0.1464
170 10 0.1631
10 15 0.1224
15 15 0.1214
20 15 0.1153
25 15 0.1604
30 15 0.2023
35 15 0.2291
40 15 0.2274
45 15 0.1597
50 15 0.1194
55 15 0.0620
60 15 0.0261
65 15 0.0052
70 15 0.0026
75 15 0.0076
80 15 0.1394
85 15 0.1835
90 15 0.1917
95 15 0.2043
100 15 0.2503
105 15 0.2828
110 15 0.3188
115 15 0.2944
120 15 0.2684
125 15 0.2615
130 15 0.2549
135 15 0.2381
140 15 0.1984
145 15 0.1743
150 15 0.1550
155 15 0.1262
160 15 0.0649
165 15 0.0898
170 15 0.1197
10 20 0.1348
15 20 0.1309
20 20 0.1366
25 20 0.1397
30 20 0.1606
35 20 0.1806
40 20 0.1800
45 20 0.1610
50 20 0.1519
55 20 0.0181
60 20 0.0050
65 20 0.0027
70 20 0.0032
75 20 0.0153
80 20 0.1745
85 20 0.1913
90 20 0.1785
95 20 0.1878
100 20 0.2036
105 20 0.2312
110 20 0.2625
115 20 0.2593
120 20 0.2335
125 20 0.2143
130 20 0.2371
135 20 0.1965
140 20 0.1449
145 20 0.1391
150 20 0.1412
155 20 0.1376
160 20 0.1201
165 20 0.0579
170 20 0.0698
10 25 0.1450
15 25 0.1522
20 25 0.1580
25 25 0.1744
30 25 0.1810
35 25 0.1512
40 25 0.1349
45 25 0.1671
50 25 0.1602
55 25 0.0656
60 25 0.0121
65 25 0.0193
70 25 0.0371
75 25 0.0844
80 25 0.1749
85 25 0.1656
90 25 0.1434
95 25 0.1675
100 25 0.1711
105 25 0.1746
110 25 0.1888
115 25 0.1762
120 25 0.1537
125 25 0.2110
130 25 0.2554
135 25 0.1730
140 25 0.1523
145 25 0.1521
150 25 0.1295
155 25 0.1459
160 25 0.1382
165 25 0.0834
170 25 0.0396
10 30 0.1477
15 30 0.1486
20 30 0.1702
25 30 0.1672
30 30 0.1738
35 30 0.1809
40 30 0.1679
45 30 0.1095
50 30 0.1161
55 30 0.1070
60 30 0.1543
65 30 0.1753
70 30 0.1548
75 30 0.1941
80 30 0.2266
85 30 0.1949
90 30 0.1553
95 30 0.1450
100 30 0.1544
105 30 0.1297
110 30 0.1066
115 30 0.1175
120 30 0.1875
125 30 0.2306
130 30 0.2624
135 30 0.2225
140 30 0.1862
145 30 0.1616
150 30 0.1339
155 30 0.1468
160 30 0.1408
165 30 0.1160
170 30 0.0449
10 35 0.1427
15 35 0.1468
20 35 0.1523
25 35 0.1565
30 35 0.1654
35 35 0.1622
40 35 0.1812
45 35 0.1925
50 35 0.1375
55 35 0.1548
60 35 0.2144
65 35 0.2263
70 35 0.2366
75 35 0.2400
80 35 0.2506
85 35 0.2106
90 35 0.2014
95 35 0.1167
100 35 0.1250
105 35 0.0627
110 35 0.1181
115 35 0.1645
120 35 0.1822
125 35 0.1955
130 35 0.2089
135 35 0.2167
140 35 0.2114
145 35 0.1806
150 35 0.1391
155 35 0.1420
160 35 0.1391
165 35 0.1072
170 35 0.0773
10 40 0.1378
15 40 0.1476
20 40 0.1469
25 40 0.1507
30 40 0.1520
35 40 0.1458
40 40 0.1085
45 40 0.1206
50 40 0.1467
55 40 0.0722
60 40 0.1726
65 40 0.2470
70 40 0.2660
75 40 0.2753
80 40 0.2593
85 40 0.2361
90 40 0.2218
95 40 0.1221
100 40 0.0784
105 40 0.0938
110 40 0.1223
115 40 0.1577
120 40 0.1913
125 40 0.2355
130 40 0.2376
135 40 0.1859
140 40 0.2017
145 40 0.1984
150 40 0.1381
155 40 0.1349
160 40 0.1425
165 40 0.1198
170 40 0.0706
10 45 0.1273
15 45 0.1536
20 45 0.1523
25 45 0.1312
30 45 0.1197
35 45 0.1197
40 45 0.1058
45 45 0.0735
50 45 0.0097
55 45 0.0172
60 45 0.0291
65 45 0.0304
70 45 0.0893
75 45 0.2283
80 45 0.2356
85 45 0.2316
90 45 0.0660
95 45 0.0354
100 45 0.0447
105 45 0.0682
110 45 0.0675
115 45 0.1259
120 45 0.1598
125 45 0.2190
130 45 0.2388
135 45 0.2637
140 45 0.2204
145 45 0.1850
150 45 0.1689
155 45 0.1561
160 45 0.1437
165 45 0.1332
170 45 0.0903
10 50 0.1095
15 50 0.1472
20 50 0.1580
25 50 0.0997
30 50 0.1372
35 50 0.1310
40 50 0.1643
45 50 0.1839
50 50 0.1608
55 50 0.1228
60 50 0.1018
65 50 0.0581
70 50 0.0489
75 50 0.0755
80 50 0.1075
85 50 0.0953
90 50 0.0535
95 50 0.0247
100 50 0.1646
105 50 0.2021
110 50 0.2072
115 50 0.2130
120 50 0.2132
125 50 0.2439
130 50 0.2827
135 50 0.2829
140 50 0.2728
145 50 0.2193
150 50 0.1771
155 50 0.1591
160 50 0.1583
165 50 0.1448
170 50 0.1070
10 55 0.0827
15 55 0.1345
20 55 0.1557
25 55 0.1110
30 55 0.1739
35 55 0.1790
40 55 0.1961
45 55 0.2139
50 55 0.1910
55 55 0.1622
60 55 0.1399
65 55 0.1628
70 55 0.1622
75 55 0.1378
80 55 0.1773
85 55 0.2474
90 55 0.2585
95 55 0.2638
100 55 0.2676
105 55 0.2605
110 55 0.2636
115 55 0.3006
120 55 0.3403
125 55 0.3451
130 55 0.2746
135 55 0.2445
140 55 0.2717
145 55 0.2111
150 55 0.1490
155 55 0.1619
160 55 0.1589
165 55 0.1462
170 55 0.1151
10 60 0.0581
15 60 0.1145
20 60 0.1481
25 60 0.1311
30 60 0.2106
35 60 0.2076
40 60 0.2448
45 60 0.2409
50 60 0.2142
55 60 0.1977
60 60 0.1860
65 60 0.1839
70 60 0.1950
75 60 0.2172
80 60 0.2945
85 60 0.3884
90 60 0.4397
95 60 0.4251
100 60 0.4144
105 60 0.3962
110 60 0.3926
115 60 0.3925
120 60 0.3819
125 60 0.3369
130 60 0.3102
135 60 0.2442
140 60 0.1729
145 60 0.1984
150 60 0.1491
155 60 0.1433
160 60 0.1551
165 60 0.1494
170 60 0.1254
10 65 0.0524
15 65 0.0929
20 65 0.1364
25 65 0.1570
30 65 0.2153
35 65 0.2705
40 65 0.2954
45 65 0.2685
50 65 0.2447
55 65 0.2333
60 65 0.2348
65 65 0.2450
70 65 0.2716
75 65 0.3035
80 65 0.3663
85 65 0.3976
90 65 0.4229
95 65 0.4283
100 65 0.4000
105 65 0.3971
110 65 0.4025
115 65 0.4205
120 65 0.3993
125 65 0.3457
130 65 0.3300
135 65 0.2888
140 65 0.0237
145 65 0.1768
150 65 0.1404
155 65 0.1164
160 65 0.1485
165 65 0.1512
170 65 0.1287
10 70 0.0414
15 70 0.0760
20 70 0.1236
25 70 0.1468
30 70 0.2392
35 70 0.2822
40 70 0.3060
45 70 0.2989
50 70 0.2902
55 70 0.2937
60 70 0.2952
65 70 0.3141
70 70 0.3509
75 70 0.3926
80 70 0.4317
85 70 0.4439
90 70 0.4292
95 70 0.3957
100 70 0.3836
105 70 0.3866
110 70 0.3964
115 70 0.4273
120 70 0.3822
125 70 0.3348
130 70 0.3026
135 70 0.2806
140 70 0.0716
145 70 0.0714
150 70 0.1337
155 70 0.0907
160 70 0.1390
165 70 0.1516
170 70 0.1341
10 75 0.0512
15 75 0.0713
20 75 0.1064
25 75 0.1304
30 75 0.2082
35 75 0.3012
40 75 0.3631
45 75 0.3415
50 75 0.3233
55 75 0.3561
60 75 0.3884
65 75 0.4113
70 75 0.4414
75 75 0.4730
80 75 0.5007
85 75 0.5093
90 75 0.4981
95 75 0.4717
100 75 0.4295
105 75 0.4142
110 75 0.4234
115 75 0.4289
120 75 0.3973
125 75 0.3647
130 75 0.3413
135 75 0.2808
140 75 0.2115
145 75 0.0758
150 75 0.1255
155 75 0.0958
160 75 0.1218
165 75 0.1412
170 75 0.1203
10 80 0.0833
15 80 0.0548
20 80 0.0877
25 80 0.0932
30 80 0.2120
35 80 0.2962
40 80 0.3586
45 80 0.3908
50 80 0.4160
55 80 0.4415
60 80 0.4474
65 80 0.4542
70 80 0.4946
75 80 0.5206
80 80 0.5308
85 80 0.5343
90 80 0.5059
95 80 0.4879
100 80 0.4498
105 80 0.4200
110 80 0.3901
115 80 0.3874
120 80 0.3960
125 80 0.3984
130 80 0.3478
135 80 0.2923
140 80 0.2155
145 80 0.0562
150 80 0.1045
155 80 0.1070
160 80 0.1295
165 80 0.1421
170 80 0.1135
10 85 0.1006
15 85 0.0669
20 85 0.0774
25 85 0.0977
30 85 0.1955
35 85 0.2719
40 85 0.3897
45 85 0.4465
50 85 0.4540
55 85 0.4561
60 85 0.4837
65 85 0.5115
70 85 0.5041
75 85 0.5051
80 85 0.4962
85 85 0.4956
90 85 0.4789
95 85 0.4831
100 85 0.4513
105 85 0.4294
110 85 0.3926
115 85 0.3749
120 85 0.3424
125 85 0.3434
130 85 0.3210
135 85 0.2723
140 85 0.2154
145 85 0.0530
150 85 0.1045
155 85 0.1164
160 85 0.1226
165 85 0.1454
170 85 0.1426
10 90 0.1164
15 90 0.0994
20 90 0.0417
25 90 0.0914
30 90 0.1650
35 90 0.2529
40 90 0.3566
45 90 0.4321
50 90 0.4113
55 90 0.4420
60 90 0.4729
65 90 0.4544
70 90 0.4292
75 90 0.4081
80 90 0.3668
85 90 0.3760
90 90 0.3760
95 90 0.3826
100 90 0.3668
105 90 0.3417
110 90 0.3309
115 90 0.3093
120 90 0.3017
125 90 0.3121
130 90 0.2941
135 90 0.2618
140 90 0.1837
145 90 0.0703
150 90 0.1137
155 90 0.1037
160 90 0.0920
165 90 0.1192
170 90 0.1185
10 95 0.1218
15 95 0.1141
20 95 0.0887
25 95 0.0588
30 95 0.1055
35 95 0.1986
40 95 0.2728
45 95 0.3672
50 95 0.3650
55 95 0.3653
60 95 0.3539
65 95 0.3238
70 95 0.2650
75 95 0.2254
80 95 0.2264
85 95 0.2368
90 95 0.1409
95 95 0.0540
100 95 0.0872
105 95 0.1467
110 95 0.1668
115 95 0.2267
120 95 0.2768
125 95 0.2936
130 95 0.2837
135 95 0.2542
140 95 0.1799
145 95 0.1095
150 95 0.0942
155 95 0.1407
160 95 0.0888
165 95 0.0826
170 95 0.1247
10 100 0.1300
15 100 0.1259
20 100 0.1086
25 100 0.0761
30 100 0.0884
35 100 0.0996
40 100 0.2290
45 100 0.2974
50 100 0.2840
55 100 0.2347
60 100 0.1828
65 100 0.1729
70 100 0.0946
75 100 0.2166
80 100 0.2530
85 100 0.2558
90 100 0.2143
95 100 0.2055
100 100 0.0930
105 100 0.1408
110 100 0.1440
115 100 0.1392
120 100 0.1898
125 100 0.2703
130 100 0.2745
135 100 0.2379
140 100 0.1983
145 100 0.0925
150 100 0.1038
155 100 0.1537
160 100 0.1096
165 100 0.1346
170 100 0.1772
10 105 0.1405
15 105 0.1348
20 105 0.1229
25 105 0.1021
30 105 0.0871
35 105 0.1258
40 105 0.0927
45 105 0.1609
50 105 0.1078
55 105 0.0812
60 105 0.0038
65 105 0.0269
70 105 0.1558
75 105 0.2418
80 105 0.2346
85 105 0.2305
90 105 0.2507
95 105 0.2530
100 105 0.2246
105 105 0.1543
110 105 0.1328
115 105 0.1570
120 105 0.1280
125 105 0.1224
130 105 0.1681
135 105 0.1256
140 105 0.1155
145 105 0.0683
150 105 0.0971
155 105 0.1422
160 105 0.1505
165 105 0.1664
170 105 0.1974
10 110 0.1451
15 110 0.1467
20 110 0.1339
25 110 0.1033
30 110 0.1228
35 110 0.1072
40 110 0.1337
45 110 0.1150
50 110 0.1018
55 110 0.0734
60 110 0.0672
65 110 0.1446
70 110 0.1901
75 110 0.2310
80 110 0.2332
85 110 0.2369
90 110 0.2541
95 110 0.2684
100 110 0.2674
105 110 0.2221
110 110 0.1765
115 110 0.1040
120 110 0.1709
125 110 0.1356
130 110 0.0900
135 110 0.0770
140 110 0.0654
145 110 0.0432
150 110 0.0541
155 110 0.1292
160 110 0.1686
165 110 0.1850
170 110 0.2081
10 115 0.1528
15 115 0.1551
20 115 0.1494
25 115 0.1237
30 115 0.1441
35 115 0.0638
40 115 0.1275
45 115 0.1316
50 115 0.1080
55 115 0.0738
60 115 0.1294
65 115 0.1083
70 115 0.1146
75 115 0.1630
80 115 0.1832
85 115 0.2048
90 115 0.2225
95 115 0.2411
100 115 0.2423
105 115 0.2304
110 115 0.2157
115 115 0.1883
120 115 0.1398
125 115 0.1459
130 115 0.1301
135 115 0.0887
140 115 0.0062
145 115 0.0154
150 115 0.0242
155 115 0.1233
160 115 0.1634
165 115 0.1795
170 115 0.1972
10 120 0.1639
15 120 0.1658
20 120 0.1558
25 120 0.1275
30 120 0.1572
35 120 0.0856
40 120 0.0862
45 120 0.1275
50 120 0.1447
55 120 0.0989
60 120 0.1029
65 120 0.1113
70 120 0.0971
75 120 0.0641
80 120 0.1154
85 120 0.1485
90 120 0.1743
95 120 0.1891
100 120 0.2307
105 120 0.2471
110 120 0.2705
115 120 0.2367
120 120 0.1949
125 120 0.1510
130 120 0.1115
135 120 0.0795
140 120 0.0044
145 120 0.0096
150 120 0.0319
155 120 0.1097
160 120 0.1507
165 120 0.1610
170 120 0.1755
10 125 0.1712
15 125 0.1771
20 125 0.1687
25 125 0.1268
30 125 0.1624
35 125 0.1385
40 125 0.1241
45 125 0.1333
50 125 0.1605
55 125 0.1561
60 125 0.1368
65 125 0.1323
70 125 0.1403
75 125 0.1215
80 125 0.0782
85 125 0.0922
90 125 0.1327
95 125 0.1116
100 125 0.1582
105 125 0.2128
110 125 0.2579
115 125 0.2769
120 125 0.2543
125 125 0.2248
130 125 0.1951
135 125 0.0465
140 125 0.0094
145 125 0.0118
150 125 0.0320
155 125 0.0702
160 125 0.1278
165 125 0.1451
170 125 0.1630
10 130 0.1779
15 130 0.1859
20 130 0.1765
25 130 0.1667
30 130 0.1589
35 130 0.1632
40 130 0.1263
45 130 0.1706
50 130 0.2094
55 130 0.1876
60 130 0.1312
65 130 0.1282
70 130 0.1444
75 130 0.1506
80 130 0.1427
85 130 0.1117
90 130 0.1696
95 130 0.1905
100 130 0.1494
105 130 0.2134
110 130 0.2741
115 130 0.2959
120 130 0.2696
125 130 0.2646
130 130 0.2497
135 130 0.1327
140 130 0.0077
145 130 0.0471
150 130 0.0924
155 130 0.0962
160 130 0.1059
165 130 0.1250
170 130 0.1493
10 135 0.1730
15 135 0.1867
20 135 0.1922
25 135 0.1789
30 135 0.1362
35 135 0.1739
40 135 0.1455
45 135 0.1477
50 135 0.1036
55 135 0.1863
60 135 0.2070
65 135 0.1956
70 135 0.1840
75 135 0.1429
80 135 0.1229
85 135 0.1331
90 135 0.2003
95 135 0.1865
100 135 0.1663
105 135 0.2350
110 135 0.2692
115 135 0.2595
120 135 0.2385
125 135 0.2197
130 135 0.1461
135 135 0.0148
140 135 0.0247
145 135 0.0871
150 135 0.1031
155 135 0.1107
160 135 0.0974
165 135 0.1170
170 135 0.1352
10 140 0.1787
15 140 0.1877
20 140 0.2037
25 140 0.1969
30 140 0.1584
35 140 0.1200
40 140 0.1067
45 140 0.1337
50 140 0.1733
55 140 0.1922
60 140 0.2062
65 140 0.1916
70 140 0.1238
75 140 0.1762
80 140 0.1843
85 140 0.1803
90 140 0.1825
95 140 0.2024
100 140 0.2185
105 140 0.2315
110 140 0.2136
115 140 0.2177
120 140 0.1937
125 140 0.0187
130 140 0.0044
135 140 0.0229
140 140 0.0719
145 140 0.1045
150 140 0.1212
155 140 0.1139
160 140 0.0991
165 140 0.1169
170 140 0.1305
10 145 0.1834
15 145 0.1972
20 145 0.2026
25 145 0.2038
30 145 0.1782
35 145 0.1449
40 145 0.1549
45 145 0.1809
50 145 0.1861
55 145 0.1871
60 145 0.1930
65 145 0.1346
70 145 0.1961
75 145 0.2051
80 145 0.2114
85 145 0.2161
90 145 0.2269
95 145 0.2286
100 145 0.2206
105 145 0.2085
110 145 0.1964
115 145 0.1866
120 145 0.0149
125 145 0.0096
130 145 0.0058
135 145 0.0372
140 145 0.0789
145 145 0.0986
150 145 0.1168
155 145 0.1187
160 145 0.1107
165 145 0.1217
170 145 0.1207
10 150 0.1908
15 150 0.1996
20 150 0.2062
25 150 0.2112
30 150 0.1950
35 150 0.1788
40 150 0.1952
45 150 0.2029
50 150 0.1940
55 150 0.1884
60 150 0.1510
65 150 0.1888
70 150 0.2106
75 150 0.2211
80 150 0.2374
85 150 0.2408
90 150 0.2233
95 150 0.1992
100 150 0.1877
105 150 0.1757
110 150 0.1522
115 150 0.0393
120 150 0.0123
125 150 0.0133
130 150 0.0094
135 150 0.0116
140 150 0.0764
145 150 0.0931
150 150 0.1134
155 150 0.1227
160 150 0.1167
165 150 0.1167
170 150 0.1139
10 155 0.1923
15 155 0.1986
20 155 0.1968
25 155 0.2176
30 155 0.2228
35 155 0.2134
40 155 0.2195
45 155 0.2215
50 155 0.2112
55 155 0.1698
60 155 0.1745
65 155 0.2099
70 155 0.2292
75 155 0.2267
80 155 0.1991
85 155 0.1845
90 155 0.1736
95 155 0.1595
100 155 0.0749
105 155 0.0127
110 155 0.0030
115 155 0.0020
120 155 0.0029
125 155 0.0046
130 155 0.0055
135 155 0.0078
140 155 0.0531
145 155 0.0909
150 155 0.1117
155 155 0.1233
160 155 0.1266
165 155 0.1157
170 155 0.1056
10 160 0.1715
15 160 0.1805
20 160 0.1992
25 160 0.1979
30 160 0.1908
35 160 0.1890
40 160 0.2032
45 160 0.1969
50 160 0.1844
55 160 0.1515
60 160 0.1836
65 160 0.1615
70 160 0.1608
75 160 0.1385
80 160 0.1221
85 160 0.0953
90 160 0.0312
95 160 0.0099
100 160 0.0043
105 160 0.0062
110 160 0.0033
115 160 0.0034
120 160 0.0055
125 160 0.0025
130 160 0.0012
135 160 0.0050
140 160 0.0057
145 160 0.0894
150 160 0.1092
155 160 0.1244
160 160 0.1273
165 160 0.1125
170 160 0.0780
10 165 0.1700
15 165 0.1664
20 165 0.1668
25 165 0.1941
30 165 0.2412
35 165 0.2605
40 165 0.2633
45 165 0.1987
50 165 0.1738
55 165 0.1493
60 165 0.1375
65 165 0.1417
70 165 0.1319
75 165 0.1382
80 165 0.1239
85 165 0.0884
90 165 0.0569
95 165 0.0481
100 165 0.0165
105 165 0.0038
110 165 0.0033
115 165 0.0028
120 165 0.0038
125 165 0.0051
130 165 0.0012
135 165 0.0032
140 165 0.0241
145 165 0.0842
150 165 0.1082
155 165 0.1241
160 165 0.1257
165 165 0.1117
170 165 0.0578
10 170 0.1830
15 170 0.1775
20 170 0.1977
25 170 0.2522
30 170 0.2753
35 170 0.2733
40 170 0.2237
45 170 0.2263
50 170 0.2137
55 170 0.1768
60 170 0.1527
65 170 0.1377
70 170 0.1401
75 170 0.1373
80 170 0.0989
85 170 0.0974
90 170 0.0911
95 170 0.0795
100 170 0.0648
105 170 0.0530
110 170 0.0068
115 170 0.0012
120 170 0.0015
125 170 0.0039
130 170 0.0042
135 170 0.0068
140 170 0.0282
145 170 0.0691
150 170 0.1029
155 170 0.1207
160 170 0.1247
165 170 0.1103
170 170 0.0586
10 175 0.2096
15 175 0.1941
20 175 0.2164
25 175 0.2722
30 175 0.2926
35 175 0.2670
40 175 0.2708
45 175 0.2578
50 175 0.2265
55 175 0.1975
60 175 0.1738
65 175 0.1468
70 175 0.1590
75 175 0.1295
80 175 0.1212
85 175 0.1255
90 175 0.1159
95 175 0.1026
100 175 0.0857
105 175 0.0746
110 175 0.0457
115 175 0.0042
120 175 0.0037
125 175 0.0017
130 175 0.0028
135 175 0.0128
140 175 0.0271
145 175 0.0445
150 175 0.0945
155 175 0.1149
160 175 0.1196
165 175 0.1079
170 175 0.0688
