10 -180 0.0015
15 -180 0.0012
20 -180 0.0038
25 -180 0.1128
30 -180 0.6603
35 -180 0.9220
40 -180 0.3329
45 -180 0.2282
50 -180 2.9058
55 -180 1.1885
60 -180 1.5278
65 -180 5.3471
70 -180 15.0494
75 -180 11.1211
80 -180 10.9112
85 -180 7.8659
90 -180 3.8206
95 -180 0.5010
100 -180 0.3099
105 -180 0.1061
110 -180 0.1890
115 -180 0.3138
120 -180 1.1416
125 -180 0.7820
130 -180 0.0257
135 -180 0.0037
140 -180 0.0127
145 -180 0.0133
150 -180 0.0054
155 -180 0.0124
160 -180 0.0314
165 -180 0.0876
170 -180 0.0873
10 -175 0.0016
15 -175 0.0017
20 -175 0.0033
25 -175 0.0186
30 -175 0.5693
35 -175 1.1798
40 -175 0.3900
45 -175 0.3071
50 -175 1.3276
55 -175 0.7165
60 -175 0.5917
65 -175 1.8487
70 -175 2.2917
75 -175 16.4629
80 -175 11.0236
85 -175 5.2859
90 -175 2.2014
95 -175 0.3582
100 -175 0.4379
105 -175 0.0800
110 -175 0.3491
115 -175 1.0985
120 -175 0.8842
125 -175 0.4637
130 -175 0.0260
135 -175 0.0052
140 -175 0.0026
145 -175 0.0028
150 -175 0.0075
155 -175 0.0206
160 -175 0.1212
165 -175 0.0716
170 -175 0.0646
10 -170 0.0017
15 -170 0.0034
20 -170 0.0042
25 -170 0.0034
30 -170 0.1639
35 -170 0.4968
40 -170 0.1026
45 -170 1.1393
50 -170 2.2400
55 -170 2.1409
60 -170 1.4789
65 -170 0.5894
70 -170 0.7457
75 -170 1.2556
80 -170 4.8599
85 -170 2.5914
90 -170 0.5444
95 -170 0.1906
100 -170 0.1120
105 -170 0.0508
110 -170 0.1309
115 -170 0.7910
120 -170 1.3797
125 -170 1.3720
130 -170 0.1881
135 -170 0.0258
140 -170 0.0060
145 -170 0.0024
150 -170 0.0159
155 -170 0.1652
160 -170 0.1997
165 -170 0.1104
170 -170 0.0269
10 -165 0.0122
15 -165 0.0539
20 -165 0.0044
25 -165 0.0012
30 -165 0.0122
35 -165 0.0528
40 -165 0.0089
45 -165 0.1366
50 -165 0.3725
55 -165 1.0048
60 -165 1.1645
65 -165 0.5288
70 -165 2.2606
75 -165 0.3073
80 -165 1.1170
85 -165 2.7828
90 -165 0.4489
95 -165 0.1064
100 -165 0.0892
105 -165 0.0668
110 -165 0.3847
115 -165 0.5935
120 -165 2.0682
125 -165 1.4172
130 -165 0.9418
135 -165 0.2386
140 -165 0.0296
145 -165 0.0126
150 -165 0.1528
155 -165 0.2952
160 -165 0.1872
165 -165 0.0652
170 -165 0.0117
10 -160 0.1474
15 -160 0.0939
20 -160 0.0212
25 -160 0.0053
30 -160 0.0016
35 -160 0.0014
40 -160 0.0025
45 -160 0.0031
50 -160 0.0041
55 -160 0.0599
60 -160 0.3174
65 -160 0.4402
70 -160 0.5232
75 -160 0.3142
80 -160 0.3033
85 -160 0.2398
90 -160 0.6110
95 -160 0.3249
100 -160 0.2198
105 -160 0.1540
110 -160 0.3415
115 -160 0.7732
120 -160 0.8560
125 -160 1.4162
130 -160 1.6804
135 -160 1.0691
140 -160 0.1652
145 -160 0.1500
150 -160 0.5391
155 -160 0.2492
160 -160 0.0455
165 -160 0.0381
170 -160 0.0271
10 -155 0.1429
15 -155 0.1232
20 -155 0.2693
25 -155 0.2332
30 -155 0.0574
35 -155 0.0049
40 -155 0.0070
45 -155 0.0077
50 -155 0.0014
55 -155 0.0016
60 -155 0.0077
65 -155 0.3499
70 -155 0.4320
75 -155 0.3083
80 -155 0.0396
85 -155 0.0063
90 -155 0.0329
95 -155 0.1139
100 -155 0.0920
105 -155 0.2372
110 -155 0.4691
115 -155 0.9070
120 -155 1.4333
125 -155 1.0511
130 -155 1.9695
135 -155 2.0572
140 -155 0.7786
145 -155 1.0078
150 -155 0.6761
155 -155 0.1547
160 -155 0.0449
165 -155 0.0208
170 -155 0.0166
10 -150 0.0473
15 -150 0.2619
20 -150 0.7530
25 -150 0.8202
30 -150 0.2175
35 -150 0.1377
40 -150 0.0806
45 -150 0.0403
50 -150 0.0138
55 -150 0.0020
60 -150 0.0042
65 -150 0.0296
70 -150 0.0126
75 -150 0.0027
80 -150 0.0011
85 -150 0.0057
90 -150 0.0034
95 -150 0.0025
100 -150 0.0023
105 -150 0.0049
110 -150 0.0140
115 -150 0.1970
120 -150 0.5573
125 -150 0.6308
130 -150 0.4202
135 -150 1.8472
140 -150 1.1010
145 -150 2.1013
150 -150 0.5619
155 -150 0.2089
160 -150 0.0322
165 -150 0.0193
170 -150 0.0148
10 -145 0.0473
15 -145 0.3754
20 -145 0.7134
25 -145 0.6580
30 -145 0.2223
35 -145 0.1744
40 -145 0.1785
45 -145 0.1160
50 -145 0.0416
55 -145 0.0049
60 -145 0.0048
65 -145 0.0033
70 -145 0.0057
75 -145 0.0150
80 -145 0.0460
85 -145 0.0425
90 -145 0.0066
95 -145 0.4589
100 -145 0.5185
105 -145 0.0033
110 -145 0.0026
115 -145 0.0043
120 -145 0.0721
125 -145 0.1716
130 -145 0.1880
135 -145 0.8160
140 -145 0.8359
145 -145 2.2046
150 -145 0.3444
155 -145 0.0491
160 -145 0.0187
165 -145 0.0302
170 -145 0.0200
10 -140 0.0369
15 -140 0.2560
20 -140 0.3198
25 -140 2.0697
30 -140 0.3452
35 -140 0.2450
40 -140 0.1905
45 -140 0.0692
50 -140 0.4446
55 -140 0.0205
60 -140 0.0587
65 -140 0.2375
70 -140 0.3955
75 -140 0.4015
80 -140 0.5127
85 -140 0.4952
90 -140 0.1431
95 -140 0.0513
100 -140 0.0248
105 -140 0.0129
110 -140 0.5030
115 -140 0.0026
120 -140 0.0047
125 -140 0.0446
130 -140 0.0786
135 -140 0.2197
140 -140 1.5529
145 -140 1.7187
150 -140 0.2282
155 -140 0.0408
160 -140 0.0169
165 -140 0.0390
170 -140 0.0199
10 -135 0.2403
15 -135 1.0901
20 -135 0.3990
25 -135 0.4333
30 -135 0.3937
35 -135 0.2000
40 -135 0.5129
45 -135 0.1022
50 -135 0.0600
55 -135 0.1099
60 -135 0.0497
65 -135 0.3745
70 -135 0.3457
75 -135 0.6213
80 -135 0.4393
85 -135 1.1716
90 -135 0.0839
95 -135 0.4705
100 -135 0.0332
105 -135 0.3016
110 -135 0.1378
115 -135 0.0096
120 -135 0.0057
125 -135 0.0045
130 -135 0.0031
135 -135 0.1186
140 -135 1.6134
145 -135 1.0132
150 -135 0.1298
155 -135 0.0172
160 -135 0.0184
165 -135 0.0556
170 -135 0.0232
10 -130 0.9775
15 -130 2.6262
20 -130 0.5898
25 -130 0.3870
30 -130 0.4305
35 -130 0.4061
40 -130 0.1853
45 -130 0.1490
50 -130 2.0931
55 -130 0.0779
60 -130 0.0763
65 -130 0.1116
70 -130 0.1574
75 -130 0.3583
80 -130 1.1853
85 -130 1.1602
90 -130 1.3110
95 -130 1.8298
100 -130 1.0146
105 -130 0.7326
110 -130 0.8512
115 -130 0.6892
120 -130 0.1832
125 -130 0.0381
130 -130 0.0004
135 -130 0.0222
140 -130 1.2167
145 -130 0.5657
150 -130 0.0855
155 -130 0.0213
160 -130 0.0369
165 -130 0.0741
170 -130 0.0295
10 -125 1.0593
15 -125 0.4818
20 -125 0.2925
25 -125 0.6386
30 -125 0.3354
35 -125 0.2438
40 -125 0.3278
45 -125 0.3017
50 -125 0.2918
55 -125 2.1195
60 -125 0.6555
65 -125 0.4404
70 -125 0.3450
75 -125 0.5154
80 -125 0.3257
85 -125 0.5374
90 -125 0.7747
95 -125 0.7052
100 -125 0.5946
105 -125 0.4300
110 -125 0.4994
115 -125 0.4614
120 -125 0.0352
125 -125 0.0128
130 -125 0.0005
135 -125 0.0089
140 -125 0.3491
145 -125 0.3305
150 -125 0.0901
155 -125 0.0422
160 -125 0.0626
165 -125 0.0738
170 -125 0.0314
10 -120 0.7824
15 -120 0.5371
20 -120 0.5525
25 -120 0.6097
30 -120 0.3996
35 -120 0.2216
40 -120 0.5042
45 -120 0.1734
50 -120 0.4650
55 -120 0.2442
60 -120 0.4769
65 -120 1.1549
70 -120 0.6375
75 -120 1.0542
80 -120 1.8496
85 -120 3.0808
90 -120 38.8375
95 -120 0.6590
100 -120 0.4708
105 -120 0.6157
110 -120 0.4721
115 -120 0.2217
120 -120 0.0367
125 -120 0.0061
130 -120 0.0011
135 -120 0.0062
140 -120 0.1759
145 -120 0.0818
150 -120 0.0311
155 -120 0.0174
160 -120 0.0234
165 -120 0.0991
170 -120 0.0586
10 -115 0.5831
15 -115 0.6846
20 -115 0.0738
25 -115 0.6999
30 -115 0.3881
35 -115 0.1832
40 -115 0.1435
45 -115 0.1533
50 -115 0.0605
55 -115 0.0097
60 -115 0.8822
65 -115 6.5739
70 -115 5.1157
75 -115 4.1703
80 -115 4.8580
85 -115 3.1860
90 -115 3.4309
95 -115 5.4418
100 -115 1.1075
105 -115 1.1270
110 -115 0.2868
115 -115 0.1529
120 -115 0.0387
125 -115 0.0080
130 -115 0.0024
135 -115 0.0085
140 -115 0.0228
145 -115 0.0015
150 -115 0.0124
155 -115 0.0190
160 -115 0.1253
165 -115 0.3856
170 -115 0.3683
10 -110 0.2935
15 -110 0.1943
20 -110 0.5805
25 -110 0.6671
30 -110 0.5152
35 -110 0.3628
40 -110 0.2860
45 -110 0.1203
50 -110 0.0043
55 -110 0.0101
60 -110 0.0007
65 -110 0.0175
70 -110 0.3751
75 -110 0.6180
80 -110 0.8792
85 -110 1.6973
90 -110 4.2317
95 -110 3.3328
100 -110 1.8460
105 -110 1.8370
110 -110 5.3731
115 -110 0.2221
120 -110 0.0324
125 -110 0.0047
130 -110 0.0025
135 -110 0.0098
140 -110 0.0201
145 -110 0.0239
150 -110 0.0467
155 -110 0.3053
160 -110 0.8091
165 -110 0.3834
170 -110 1.1829
10 -105 0.5953
15 -105 0.5033
20 -105 0.4076
25 -105 0.8078
30 -105 0.5765
35 -105 0.5172
40 -105 0.3012
45 -105 0.0866
50 -105 0.0073
55 -105 0.0003
60 -105 0.0045
65 -105 0.0380
70 -105 0.1733
75 -105 0.3968
80 -105 0.3007
85 -105 0.5409
90 -105 0.9755
95 -105 1.3242
100 -105 0.6297
105 -105 3.0664
110 -105 0.1513
115 -105 0.0275
120 -105 0.0046
125 -105 0.0019
130 -105 0.0017
135 -105 0.0049
140 -105 0.0113
145 -105 0.0142
150 -105 0.0156
155 -105 0.0926
160 -105 0.9047
165 -105 0.7389
170 -105 2.9963
10 -100 0.2892
15 -100 0.1964
20 -100 0.3512
25 -100 0.5725
30 -100 0.5737
35 -100 0.3831
40 -100 0.3756
45 -100 0.1251
50 -100 0.0060
55 -100 0.1193
60 -100 0.0084
65 -100 0.0012
70 -100 0.0037
75 -100 0.0131
80 -100 0.1610
85 -100 0.3789
90 -100 0.6508
95 -100 0.1079
100 -100 0.1647
105 -100 0.0609
110 -100 0.0231
115 -100 0.0086
120 -100 0.0038
125 -100 0.0010
130 -100 0.0015
135 -100 0.0009
140 -100 0.0042
145 -100 0.0001
150 -100 0.0089
155 -100 0.1315
160 -100 0.3740
165 -100 2.1992
170 -100 1.7020
10 -95 0.3430
15 -95 0.3427
20 -95 0.4236
25 -95 0.4289
30 -95 0.4706
35 -95 0.4144
40 -95 0.4531
45 -95 0.3696
50 -95 0.0200
55 -95 0.1473
60 -95 1.0514
65 -95 0.0198
70 -95 0.0050
75 -95 0.0071
80 -95 0.0286
85 -95 0.1914
90 -95 0.2127
95 -95 0.0572
100 -95 0.0402
105 -95 0.0253
110 -95 0.0149
115 -95 0.0101
120 -95 0.0034
125 -95 0.0023
130 -95 0.0008
135 -95 0.0012
140 -95 0.0019
145 -95 0.0037
150 -95 0.0102
155 -95 0.1936
160 -95 0.2704
165 -95 1.0928
170 -95 1.7863
10 -90 0.3171
15 -90 0.2962
20 -90 0.0626
25 -90 0.2694
30 -90 0.4089
35 -90 0.3959
40 -90 0.5849
45 -90 0.5594
50 -90 0.6093
55 -90 0.1636
60 -90 0.0203
65 -90 0.0504
70 -90 0.0867
75 -90 0.0058
80 -90 0.1284
85 -90 0.1097
90 -90 0.0479
95 -90 0.0206
100 -90 0.0274
105 -90 0.0086
110 -90 0.0086
115 -90 0.0072
120 -90 0.0053
125 -90 0.0047
130 -90 0.0053
135 -90 0.0098
140 -90 0.0139
145 -90 0.0383
150 -90 0.1707
155 -90 0.4906
160 -90 0.7094
165 -90 1.0391
170 -90 0.9774
10 -85 0.3197
15 -85 0.3438
20 -85 0.0380
25 -85 0.2228
30 -85 0.1311
35 -85 0.4931
40 -85 0.7027
45 -85 0.7657
50 -85 0.2011
55 -85 0.4288
60 -85 0.0542
65 -85 0.0141
70 -85 0.0175
75 -85 0.0145
80 -85 0.0059
85 -85 0.0042
90 -85 0.0039
95 -85 0.0029
100 -85 0.0030
105 -85 0.0033
110 -85 0.0040
115 -85 0.0060
120 -85 0.0086
125 -85 0.0205
130 -85 0.0572
135 -85 0.5392
140 -85 1.7921
145 -85 2.0965
150 -85 1.8127
155 -85 1.7287
160 -85 1.9692
165 -85 1.9180
170 -85 2.9843
10 -80 0.3277
15 -80 0.2883
20 -80 0.1704
25 -80 0.1470
30 -80 0.1617
35 -80 0.3818
40 -80 0.4392
45 -80 0.5425
50 -80 0.3876
55 -80 0.1141
60 -80 0.0062
65 -80 0.0016
70 -80 0.0035
75 -80 0.0088
80 -80 0.0023
85 -80 0.0021
90 -80 0.0016
95 -80 0.0014
100 -80 0.0005
105 -80 0.0026
110 -80 0.0056
115 -80 0.0185
120 -80 0.0140
125 -80 0.0229
130 -80 0.0958
135 -80 1.5945
140 -80 3.2508
145 -80 3.7956
150 -80 1.8437
155 -80 1.7875
160 -80 2.3421
165 -80 6.4298
170 -80 4.7751
10 -75 0.3991
15 -75 0.2178
20 -75 0.0945
25 -75 0.0873
30 -75 0.1446
35 -75 0.2442
40 -75 0.2929
45 -75 0.1956
50 -75 0.0643
55 -75 0.0106
60 -75 0.0008
65 -75 0.0023
70 -75 0.0973
75 -75 0.2068
80 -75 0.0769
85 -75 0.0286
90 -75 0.0168
95 -75 0.0109
100 -75 0.0040
105 -75 0.0095
110 -75 0.0079
115 -75 0.0098
120 -75 0.0153
125 -75 0.0295
130 -75 0.1213
135 -75 1.8397
140 -75 3.6354
145 -75 2.9353
150 -75 2.1234
155 -75 1.5081
160 -75 2.6704
165 -75 15.3534
170 -75 1.0405
10 -70 0.2420
15 -70 0.2570
20 -70 0.0491
25 -70 0.1155
30 -70 0.1597
35 -70 0.2037
40 -70 10.2516
45 -70 0.0858
50 -70 0.0238
55 -70 0.0048
60 -70 0.0016
65 -70 0.0157
70 -70 0.0261
75 -70 0.0153
80 -70 0.0119
85 -70 0.0076
90 -70 0.0094
95 -70 0.0096
100 -70 0.0140
105 -70 0.0146
110 -70 0.0107
115 -70 0.0227
120 -70 0.0201
125 -70 0.0273
130 -70 0.0986
135 -70 2.0515
140 -70 2.9769
145 -70 2.6348
150 -70 2.2602
155 -70 1.7268
160 -70 7.1382
165 -70 23.3865
170 -70 8.7094
10 -65 0.1311
15 -65 0.0437
20 -65 0.0178
25 -65 0.0550
30 -65 0.1467
35 -65 0.1428
40 -65 0.1128
45 -65 0.0684
50 -65 0.0250
55 -65 0.0085
60 -65 0.0033
65 -65 0.0067
70 -65 0.0040
75 -65 0.0015
80 -65 0.0023
85 -65 0.0053
90 -65 0.0117
95 -65 0.0079
100 -65 0.0046
105 -65 0.0218
110 -65 0.0408
115 -65 0.0401
120 -65 0.0267
125 -65 0.0312
130 -65 0.1732
135 -65 0.5438
140 -65 3.1780
145 -65 4.0168
150 -65 3.3395
155 -65 4.6417
160 -65 27.2310
165 -65 15.5839
170 -65 3.4754
10 -60 0.0697
15 -60 0.0165
20 -60 0.0078
25 -60 0.0638
30 -60 0.2007
35 -60 0.1760
40 -60 0.1403
45 -60 0.0853
50 -60 0.0419
55 -60 0.0307
60 -60 0.0142
65 -60 0.0069
70 -60 0.0175
75 -60 0.0497
80 -60 0.0515
85 -60 0.0733
90 -60 0.0402
95 -60 0.0083
100 -60 0.0045
105 -60 0.0043
110 -60 0.0127
115 -60 0.0258
120 -60 0.0346
125 -60 0.0764
130 -60 0.0492
135 -60 0.3248
140 -60 4.2046
145 -60 7.6633
150 -60 13.3193
155 -60 10.1031
160 -60 11.5857
165 -60 5.2164
170 -60 1.7771
10 -55 0.0399
15 -55 0.0073
20 -55 0.0032
25 -55 0.0344
30 -55 0.0863
35 -55 0.2930
40 -55 0.1950
45 -55 0.1986
50 -55 0.1419
55 -55 0.1623
60 -55 0.1110
65 -55 0.2280
70 -55 1.5382
75 -55 0.2688
80 -55 0.3820
85 -55 0.5191
90 -55 0.5841
95 -55 0.0432
100 -55 0.0058
105 -55 0.0029
110 -55 0.0040
115 -55 0.0047
120 -55 0.0032
125 -55 0.0186
130 -55 0.0733
135 -55 0.7758
140 -55 1.6856
145 -55 6.0740
150 -55 2.5279
155 -55 2.1316
160 -55 2.2544
165 -55 0.0715
170 -55 0.2822
10 -50 0.0093
15 -50 0.0050
20 -50 0.0016
25 -50 0.0066
30 -50 0.1439
35 -50 0.2033
40 -50 0.2861
45 -50 0.3179
50 -50 0.2219
55 -50 0.2871
60 -50 0.4329
65 -50 0.3984
70 -50 0.5148
75 -50 0.3016
80 -50 0.4318
85 -50 0.1065
90 -50 0.0387
95 -50 0.0486
100 -50 0.0085
105 -50 0.0046
110 -50 0.0023
115 -50 0.0032
120 -50 0.0287
125 -50 0.0036
130 -50 0.0103
135 -50 0.1211
140 -50 0.2780
145 -50 1.0017
150 -50 2.8806
155 -50 0.2981
160 -50 4.7928
165 -50 0.0303
170 -50 0.0028
10 -45 0.0147
15 -45 0.0029
20 -45 0.0014
25 -45 0.0046
30 -45 0.0985
35 -45 0.1371
40 -45 0.2364
45 -45 0.3945
50 -45 0.5748
55 -45 0.6599
60 -45 1.0268
65 -45 0.9705
70 -45 0.6130
75 -45 0.4485
80 -45 0.6007
85 -45 0.0700
90 -45 0.0141
95 -45 0.0218
100 -45 0.0041
105 -45 0.0010
110 -45 0.0043
115 -45 0.0508
120 -45 0.0140
125 -45 1.5978
130 -45 0.0097
135 -45 0.0086
140 -45 0.2675
145 -45 0.2575
150 -45 0.7784
155 -45 12.6061
160 -45 2.8697
165 -45 0.5462
170 -45 0.0002
10 -40 0.0094
15 -40 0.0017
20 -40 0.0003
25 -40 0.0053
30 -40 0.0471
35 -40 0.1514
40 -40 0.3785
45 -40 0.4994
50 -40 0.6359
55 -40 0.6322
60 -40 0.8088
65 -40 0.6003
70 -40 0.7034
75 -40 0.5278
80 -40 0.2957
85 -40 0.0609
90 -40 0.0009
95 -40 0.0007
100 -40 0.0035
105 -40 0.0298
110 -40 0.0988
115 -40 0.0898
120 -40 0.0240
125 -40 0.0019
130 -40 0.0080
135 -40 1.4414
140 -40 0.2442
145 -40 0.3546
150 -40 0.3704
155 -40 1.5929
160 -40 5.4173
165 -40 0.6219
170 -40 0.0084
10 -35 0.0062
15 -35 0.0011
20 -35 0.0011
25 -35 0.0073
30 -35 0.0277
35 -35 0.0564
40 -35 0.2487
45 -35 0.5801
50 -35 0.7678
55 -35 1.3951
60 -35 1.0840
65 -35 1.0964
70 -35 1.1348
75 -35 0.9246
80 -35 0.4330
85 -35 0.0687
90 -35 0.1056
95 -35 0.1987
100 -35 0.3495
105 -35 0.3510
110 -35 0.2818
115 -35 0.1514
120 -35 0.0336
125 -35 0.0047
130 -35 0.0038
135 -35 0.0342
140 -35 4.0381
145 -35 0.6443
150 -35 0.6921
155 -35 1.3363
160 -35 0.6502
165 -35 0.2930
170 -35 0.0748
10 -30 0.0049
15 -30 0.0009
20 -30 0.0015
25 -30 0.0082
30 -30 0.0335
35 -30 0.0216
40 -30 0.1079
45 -30 0.3779
50 -30 0.7019
55 -30 0.9247
60 -30 1.0675
65 -30 1.4336
70 -30 1.5534
75 -30 1.5062
80 -30 0.8590
85 -30 0.6933
90 -30 0.3761
95 -30 0.6327
100 -30 0.7251
105 -30 0.7836
110 -30 0.5827
115 -30 0.1675
120 -30 0.0180
125 -30 0.0020
130 -30 0.0025
135 -30 0.1374
140 -30 1.2194
145 -30 2.9710
150 -30 1.5877
155 -30 3.1194
160 -30 1.6522
165 -30 0.9451
170 -30 0.0540
10 -25 0.0042
15 -25 0.0006
20 -25 0.0012
25 -25 0.0244
30 -25 0.0921
35 -25 0.0102
40 -25 0.0282
45 -25 0.1768
50 -25 0.5146
55 -25 0.8926
60 -25 1.0957
65 -25 0.7015
70 -25 2.0481
75 -25 1.5593
80 -25 1.5564
85 -25 0.8246
90 -25 0.5598
95 -25 0.3046
100 -25 0.7374
105 -25 1.3497
110 -25 0.6571
115 -25 0.1308
120 -25 0.0369
125 -25 0.0106
130 -25 0.0084
135 -25 0.2317
140 -25 1.9718
145 -25 2.0852
150 -25 2.3575
155 -25 5.3175
160 -25 2.5994
165 -25 0.8920
170 -25 0.1270
10 -20 0.0028
15 -20 0.0011
20 -20 0.0017
25 -20 0.0278
30 -20 0.1223
35 -20 0.0322
40 -20 0.0039
45 -20 0.0242
50 -20 0.2235
55 -20 0.8619
60 -20 1.2139
65 -20 1.0602
70 -20 1.0143
75 -20 0.8634
80 -20 0.8049
85 -20 0.0067
90 -20 0.4450
95 -20 0.6808
100 -20 0.2599
105 -20 0.7907
110 -20 1.4041
115 -20 0.6314
120 -20 0.2495
125 -20 0.0313
130 -20 0.0185
135 -20 1.1413
140 -20 3.2347
145 -20 3.0338
150 -20 5.4667
155 -20 6.5092
160 -20 3.1875
165 -20 1.2274
170 -20 0.2261
10 -15 0.0031
15 -15 0.0011
20 -15 0.0015
25 -15 0.0395
30 -15 0.1700
35 -15 0.1505
40 -15 0.0115
45 -15 0.0086
50 -15 0.0788
55 -15 0.4588
60 -15 0.6453
65 -15 0.9130
70 -15 0.7735
75 -15 0.6765
80 -15 1.1082
85 -15 0.7051
90 -15 0.4386
95 -15 0.9066
100 -15 0.7461
105 -15 0.3592
110 -15 0.4008
115 -15 0.4958
120 -15 0.2040
125 -15 0.0120
130 -15 0.0530
135 -15 2.4995
140 -15 4.2697
145 -15 5.5633
150 -15 7.9106
155 -15 7.2285
160 -15 3.4264
165 -15 1.4968
170 -15 0.3442
10 -10 0.0040
15 -10 0.0010
20 -10 0.0038
25 -10 0.2201
30 -10 0.3097
35 -10 0.3280
40 -10 0.1716
45 -10 0.0093
50 -10 0.0071
55 -10 0.0765
60 -10 0.4045
65 -10 0.3278
70 -10 0.5567
75 -10 0.3817
80 -10 0.7467
85 -10 0.6541
90 -10 0.7470
95 -10 0.4899
100 -10 0.5090
105 -10 0.7484
110 -10 0.6646
115 -10 0.1856
120 -10 0.0027
125 -10 0.0159
130 -10 0.4970
135 -10 3.3418
140 -10 5.1875
145 -10 8.3358
150 -10 9.4344
155 -10 6.0635
160 -10 2.1120
165 -10 1.1503
170 -10 0.5529
10 -5 0.0018
15 -5 0.0012
20 -5 0.0285
25 -5 0.7767
30 -5 0.5911
35 -5 0.2052
40 -5 0.2876
45 -5 0.1048
50 -5 0.0068
55 -5 0.0072
60 -5 0.0743
65 -5 0.2894
70 -5 0.5677
75 -5 1.0439
80 -5 0.8997
85 -5 1.0310
90 -5 0.1415
95 -5 0.2322
100 -5 0.1665
105 -5 0.0963
110 -5 0.0841
115 -5 0.0161
120 -5 0.0219
125 -5 0.1585
130 -5 2.2061
135 -5 3.9337
140 -5 6.9108
145 -5 9.6743
150 -5 9.5560
155 -5 6.3438
160 -5 2.6209
165 -5 0.7622
170 -5 0.2639
10 0 0.0022
15 0 0.0045
20 0 0.2143
25 0 3.6480
30 0 0.6693
35 0 0.3734
40 0 0.9080
45 0 0.3473
50 0 0.3426
55 0 0.1175
60 0 0.1660
65 0 0.2596
70 0 0.8817
75 0 0.5573
80 0 0.2580
85 0 0.2027
90 0 0.0496
95 0 0.1343
100 0 0.1411
105 0 0.0043
110 0 0.0037
115 0 0.0106
120 0 0.1709
125 0 4.5179
130 0 5.1780
135 0 7.6593
140 0 7.1815
145 0 8.2990
150 0 6.7949
155 0 3.6859
160 0 1.1794
165 0 0.6841
170 0 0.7354
10 5 0.0038
15 5 0.0177
20 5 0.5859
25 5 3.4595
30 5 1.9867
35 5 1.4469
40 5 0.5327
45 5 0.4720
50 5 0.1079
55 5 0.0407
60 5 0.0028
65 5 0.0036
70 5 1.0130
75 5 0.5756
80 5 0.0522
85 5 0.0454
90 5 0.0108
95 5 0.0481
100 5 0.1347
105 5 0.3741
110 5 0.4475
115 5 0.7175
120 5 1.4222
125 5 4.6085
130 5 7.1163
135 5 10.5503
140 5 8.5127
145 5 7.6141
150 5 4.4261
155 5 1.5122
160 5 0.4715
165 5 0.4220
170 5 0.5215
10 10 0.0658
15 10 0.0034
20 10 0.3009
25 10 5.1538
30 10 9.2125
35 10 1.0307
40 10 0.2409
45 10 0.3618
50 10 0.1463
55 10 0.1107
60 10 0.0620
65 10 0.0468
70 10 0.1734
75 10 0.6631
80 10 0.4099
85 10 0.3642
90 10 0.1510
95 10 0.2173
100 10 0.8656
105 10 2.9569
110 10 3.0539
115 10 1.8065
120 10 2.9876
125 10 4.3472
130 10 7.7818
135 10 6.2035
140 10 8.1366
145 10 5.2616
150 10 1.8235
155 10 0.1517
160 10 0.1259
165 10 0.1980
170 10 0.3911
10 15 0.0031
15 15 0.0067
20 15 0.1006
25 15 2.5384
30 15 6.3461
35 15 1.8233
40 15 0.9504
45 15 0.2054
50 15 0.1328
55 15 0.2436
60 15 0.1693
65 15 0.2572
70 15 0.2332
75 15 0.3563
80 15 1.5457
85 15 2.4731
90 15 2.4468
95 15 2.5664
100 15 1.4767
105 15 4.9084
110 15 3.7123
115 15 5.9162
120 15 5.1339
125 15 8.7019
130 15 22.6926
135 15 10.0399
140 15 6.3089
145 15 2.1780
150 15 0.3157
155 15 0.0693
160 15 0.0489
165 15 0.1621
170 15 0.2376
10 20 0.0010
15 20 0.0075
20 20 0.0297
25 20 1.3082
30 20 2.6618
35 20 2.3587
40 20 0.6631
45 20 0.1281
50 20 0.1242
55 20 0.1315
60 20 0.2189
65 20 0.2686
70 20 0.4056
75 20 0.8954
80 20 0.2672
85 20 1.6478
90 20 4.2695
95 20 5.3763
100 20 6.5948
105 20 5.9977
110 20 5.5845
115 20 3.3937
120 20 9.9277
125 20 14.3274
130 20 12.8268
135 20 7.8970
140 20 1.9983
145 20 0.2084
150 20 0.0681
155 20 0.0475
160 20 0.0404
165 20 0.0627
170 20 0.0245
10 25 0.0021
15 25 0.0103
20 25 0.0078
25 25 0.0375
30 25 0.7206
35 25 1.9042
40 25 1.1350
45 25 0.1095
50 25 0.1038
55 25 0.1324
60 25 0.1952
65 25 0.3547
70 25 0.5489
75 25 0.8944
80 25 1.6032
85 25 1.7732
90 25 3.8163
95 25 5.2305
100 25 5.2794
105 25 3.9744
110 25 3.2108
115 25 7.3366
120 25 14.0541
125 25 16.2806
130 25 10.9606
135 25 3.9520
140 25 0.6067
145 25 0.1428
150 25 0.0518
155 25 0.0162
160 25 0.0264
165 25 0.0367
170 25 0.0544
10 30 0.0016
15 30 0.0031
20 30 0.0117
25 30 0.0159
30 30 0.0889
35 30 0.3411
40 30 0.2493
45 30 1.9927
50 30 0.1391
55 30 0.1417
60 30 0.2426
65 30 0.2831
70 30 0.2034
75 30 0.2259
80 30 0.1702
85 30 1.0918
90 30 2.8394
95 30 1.7242
100 30 4.8609
105 30 5.8672
110 30 6.5192
115 30 6.0211
120 30 13.8368
125 30 10.1200
130 30 6.9273
135 30 3.5364
140 30 0.3103
145 30 0.1464
150 30 0.0325
155 30 0.0022
160 30 0.0148
165 30 0.0154
170 30 0.0244
10 35 0.0003
15 35 0.0009
20 35 0.0723
25 35 0.0053
30 35 0.0122
35 35 0.0648
40 35 0.2605
45 35 0.2709
50 35 0.2880
55 35 0.4835
60 35 0.1716
65 35 0.0925
70 35 0.0218
75 35 0.0176
80 35 0.0355
85 35 0.0560
90 35 0.1138
95 35 0.3773
100 35 0.8256
105 35 2.1597
110 35 3.3244
115 35 6.1296
120 35 6.9602
125 35 7.6560
130 35 2.8919
135 35 1.7236
140 35 0.3539
145 35 0.0627
150 35 0.0147
155 35 0.0088
160 35 0.0079
165 35 0.0089
170 35 0.0160
10 40 0.0009
15 40 0.0379
20 40 0.1674
25 40 0.0398
30 40 0.0286
35 40 0.0230
40 40 0.0918
45 40 0.3503
50 40 0.4307
55 40 0.3039
60 40 0.0706
65 40 0.0257
70 40 0.0268
75 40 0.0526
80 40 0.0540
85 40 0.1063
90 40 0.1035
95 40 0.1860
100 40 0.1058
105 40 0.0592
110 40 0.0727
115 40 0.1325
120 40 0.3162
125 40 0.5514
130 40 0.3205
135 40 0.0911
140 40 0.0223
145 40 0.0091
150 40 0.0055
155 40 0.0045
160 40 0.0082
165 40 0.0064
170 40 0.0141
10 45 0.0036
15 45 0.1894
20 45 0.0760
25 45 0.0787
30 45 0.0255
35 45 0.0143
40 45 0.0213
45 45 0.1415
50 45 0.2720
55 45 0.1458
60 45 0.0713
65 45 0.0939
70 45 0.2878
75 45 0.8968
80 45 1.1677
85 45 0.6169
90 45 0.3163
95 45 0.1732
100 45 0.1362
105 45 0.1336
110 45 0.0348
115 45 0.0045
120 45 0.0026
125 45 0.0051
130 45 0.0050
135 45 0.0022
140 45 0.0026
145 45 0.0030
150 45 0.0035
155 45 0.0067
160 45 0.0083
165 45 0.0311
170 45 0.0217
10 50 0.0025
15 50 0.0584
20 50 0.1902
25 50 0.1484
30 50 0.0483
35 50 0.0263
40 50 0.0464
45 50 0.1148
50 50 0.1686
55 50 0.1009
60 50 0.0994
65 50 0.1724
70 50 0.5544
75 50 0.8054
80 50 0.4461
85 50 0.5889
90 50 0.2765
95 50 0.1833
100 50 0.4252
105 50 0.5815
110 50 0.3273
115 50 0.1757
120 50 0.0349
125 50 0.0394
130 50 0.0140
135 50 0.0077
140 50 0.0074
145 50 0.0057
150 50 0.0224
155 50 0.0326
160 50 0.0558
165 50 0.0880
170 50 0.0672
10 55 0.0018
15 55 0.0097
20 55 0.0405
25 55 0.2491
30 55 0.2689
35 55 0.0937
40 55 0.0769
45 55 0.0507
50 55 0.0206
55 55 0.0162
60 55 0.0079
65 55 0.0113
70 55 0.0085
75 55 0.0728
80 55 0.1293
85 55 0.2587
90 55 0.2217
95 55 0.3160
100 55 0.4585
105 55 0.6514
110 55 1.6403
115 55 2.7158
120 55 3.8440
125 55 0.3339
130 55 0.3156
135 55 0.4284
140 55 0.6326
145 55 0.2915
150 55 0.1623
155 55 0.0693
160 55 0.0933
165 55 0.1944
170 55 0.1572
10 60 0.0022
15 60 0.0352
20 60 0.0891
25 60 0.2346
30 60 0.2186
35 60 0.1247
40 60 0.0383
45 60 0.0239
50 60 0.0287
55 60 0.0225
60 60 0.0166
65 60 0.0104
70 60 0.0053
75 60 0.0032
80 60 0.0032
85 60 0.0060
90 60 0.0257
95 60 0.0930
100 60 0.7841
105 60 1.4567
110 60 2.2488
115 60 2.7090
120 60 3.0552
125 60 2.7239
130 60 2.7749
135 60 2.6941
140 60 2.1982
145 60 0.6191
150 60 0.4146
155 60 0.1467
160 60 0.2934
165 60 0.2326
170 60 0.1035
10 65 0.0054
15 65 0.0467
20 65 0.1499
25 65 0.2401
30 65 0.2410
35 65 0.0887
40 65 0.0369
45 65 0.0471
50 65 0.0426
55 65 0.0904
60 65 0.1419
65 65 0.0672
70 65 0.0364
75 65 0.0318
80 65 0.0415
85 65 0.0381
90 65 0.0329
95 65 0.0943
100 65 0.0429
105 65 1.0644
110 65 1.3767
115 65 0.4589
120 65 2.2574
125 65 2.9466
130 65 5.3890
135 65 3.0863
140 65 2.2340
145 65 0.7931
150 65 0.2580
155 65 0.1708
160 65 0.2303
165 65 0.2685
170 65 0.1186
10 70 0.0029
15 70 0.0611
20 70 0.1953
25 70 0.2543
30 70 0.2292
35 70 0.3056
40 70 0.0584
45 70 0.0225
50 70 0.0615
55 70 0.1041
60 70 0.1121
65 70 0.1441
70 70 0.1274
75 70 0.1247
80 70 0.1521
85 70 0.2155
90 70 0.1406
95 70 0.0755
100 70 0.0281
105 70 0.0359
110 70 0.9428
115 70 1.1415
120 70 2.4718
125 70 3.0194
130 70 4.4658
135 70 1.9060
140 70 2.3361
145 70 1.1943
150 70 0.3177
155 70 0.1150
160 70 0.1309
165 70 0.4842
170 70 0.2161
10 75 0.0058
15 75 0.0430
20 75 0.1981
25 75 0.2045
30 75 0.0644
35 75 0.1774
40 75 0.2248
45 75 0.0186
50 75 0.0104
55 75 0.0541
60 75 0.1177
65 75 0.2451
70 75 0.1462
75 75 0.4114
80 75 0.1532
85 75 0.1255
90 75 0.0480
95 75 0.1359
100 75 0.0513
105 75 0.1716
110 75 0.2286
115 75 1.4525
120 75 1.5955
125 75 2.3543
130 75 2.0692
135 75 2.9305
140 75 3.3335
145 75 1.4708
150 75 0.4536
155 75 0.1067
160 75 0.0532
165 75 0.1071
170 75 0.2966
10 80 0.0091
15 80 0.0325
20 80 0.1825
25 80 0.2074
30 80 0.3095
35 80 0.1499
40 80 0.0611
45 80 0.0274
50 80 0.0091
55 80 0.0139
60 80 0.0573
65 80 0.0634
70 80 0.0535
75 80 0.0413
80 80 0.0494
85 80 0.0789
90 80 0.1657
95 80 0.3332
100 80 0.4141
105 80 0.7782
110 80 0.8082
115 80 1.2146
120 80 1.1104
125 80 1.3970
130 80 2.1551
135 80 2.2844
140 80 2.3790
145 80 1.3745
150 80 0.4509
155 80 0.0717
160 80 0.0273
165 80 0.0453
170 80 0.0673
10 85 0.0106
15 85 0.1546
20 85 0.0662
25 85 0.4447
30 85 0.6025
35 85 0.2084
40 85 0.0276
45 85 0.0332
50 85 0.0140
55 85 0.0137
60 85 0.0868
65 85 0.0185
70 85 0.0276
75 85 0.0440
80 85 0.1068
85 85 0.1883
90 85 0.3184
95 85 0.3921
100 85 0.5513
105 85 0.6618
110 85 0.8723
115 85 0.1693
120 85 0.2366
125 85 0.3131
130 85 0.6668
135 85 1.5592
140 85 1.9571
145 85 1.5883
150 85 0.6875
155 85 0.0719
160 85 0.0603
165 85 0.0329
170 85 0.0224
10 90 0.0200
15 90 0.0179
20 90 0.0544
25 90 0.0225
30 90 0.0815
35 90 0.0341
40 90 0.0287
45 90 0.0390
50 90 0.0331
55 90 0.0529
60 90 0.1623
65 90 0.1888
70 90 0.0698
75 90 0.1021
80 90 0.0556
85 90 0.1855
90 90 0.1724
95 90 0.6490
100 90 0.5896
105 90 0.3975
110 90 0.1624
115 90 0.0096
120 90 0.0615
125 90 0.1909
130 90 0.4554
135 90 1.1026
140 90 1.3320
145 90 1.1617
150 90 0.5002
155 90 0.6163
160 90 0.3054
165 90 0.0307
170 90 0.0517
10 95 0.0451
15 95 0.0314
20 95 0.0167
25 95 0.0038
30 95 0.0039
35 95 0.0144
40 95 0.0266
45 95 0.0225
50 95 0.0785
55 95 0.2136
60 95 0.9494
65 95 0.2099
70 95 0.1944
75 95 0.0996
80 95 0.2928
85 95 0.4274
90 95 0.6606
95 95 0.7794
100 95 0.7404
105 95 0.2390
110 95 0.0517
115 95 0.0253
120 95 0.1837
125 95 0.5741
130 95 1.7176
135 95 1.3040
140 95 1.2308
145 95 3.2292
150 95 2.9029
155 95 1.4684
160 95 0.6123
165 95 0.2829
170 95 0.0990
10 100 0.1941
15 100 0.0740
20 100 0.0281
25 100 0.0002
30 100 0.0085
35 100 0.0032
40 100 0.0190
45 100 0.0050
50 100 0.0230
55 100 0.2445
60 100 0.0291
65 100 0.1072
70 100 0.1661
75 100 0.1657
80 100 0.0998
85 100 0.2653
90 100 0.0555
95 100 0.0692
100 100 0.0874
105 100 0.0483
110 100 0.0542
115 100 0.1489
120 100 0.0226
125 100 0.7206
130 100 1.4011
135 100 2.6381
140 100 0.5916
145 100 2.9069
150 100 4.0983
155 100 2.5683
160 100 2.0950
165 100 0.5273
170 100 0.0994
10 105 0.1120
15 105 0.1732
20 105 0.0775
25 105 0.0318
30 105 0.0016
35 105 0.0042
40 105 0.0308
45 105 0.0242
50 105 0.0130
55 105 0.0250
60 105 6.4017
65 105 0.4125
70 105 0.4383
75 105 0.6438
80 105 0.8118
85 105 0.6414
90 105 0.1020
95 105 0.3612
100 105 0.0640
105 105 0.0824
110 105 0.0180
115 105 0.0534
120 105 0.0291
125 105 0.0082
130 105 0.1407
135 105 1.0770
140 105 1.9217
145 105 1.7334
150 105 2.5590
155 105 2.3859
160 105 2.1203
165 105 0.8709
170 105 0.0862
10 110 0.2625
15 110 0.2894
20 110 0.2170
25 110 0.0348
30 110 0.0008
35 110 0.0121
40 110 0.0056
45 110 0.0048
50 110 0.0051
55 110 0.0349
60 110 0.4217
65 110 1.0199
70 110 0.0422
75 110 1.3170
80 110 0.9311
85 110 0.9740
90 110 0.6906
95 110 0.8039
100 110 0.4743
105 110 0.5530
110 110 0.1874
115 110 0.0397
120 110 0.0149
125 110 0.0038
130 110 0.0078
135 110 0.0600
140 110 0.4051
145 110 0.6482
150 110 1.4609
155 110 1.2189
160 110 1.2056
165 110 0.4408
170 110 0.0621
10 115 0.4086
15 115 0.4071
20 115 0.4313
25 115 0.1026
30 115 0.0010
35 115 0.0041
40 115 0.0027
45 115 0.0041
50 115 0.0140
55 115 0.1064
60 115 0.7684
65 115 1.0622
70 115 0.9930
75 115 0.5907
80 115 0.7667
85 115 0.4330
90 115 0.7447
95 115 0.7586
100 115 0.8146
105 115 0.6704
110 115 0.3584
115 115 0.1225
120 115 0.0197
125 115 0.0059
130 115 0.0049
135 115 0.0292
140 115 0.1006
145 115 0.1677
150 115 0.4470
155 115 0.6881
160 115 0.6931
165 115 0.1232
170 115 0.0161
10 120 0.0799
15 120 0.4095
20 120 0.3783
25 120 0.0820
30 120 0.0036
35 120 0.0032
40 120 0.0037
45 120 0.0051
50 120 0.0288
55 120 0.1021
60 120 0.1802
65 120 0.2219
70 120 0.1648
75 120 0.3984
80 120 0.3996
85 120 0.3819
90 120 0.4555
95 120 0.6820
100 120 0.7402
105 120 0.5148
110 120 0.3597
115 120 0.1402
120 120 0.0164
125 120 0.0026
130 120 0.0043
135 120 0.0156
140 120 0.0364
145 120 0.0129
150 120 0.1024
155 120 0.2214
160 120 0.1135
165 120 0.0268
170 120 0.0054
10 125 0.3452
15 125 0.5104
20 125 0.3562
25 125 0.0513
30 125 0.0110
35 125 0.0072
40 125 0.0015
45 125 0.0053
50 125 0.0367
55 125 0.0574
60 125 0.0218
65 125 0.0135
70 125 0.0271
75 125 0.2265
80 125 0.2445
85 125 0.2643
90 125 0.5322
95 125 0.4172
100 125 0.3360
105 125 0.2023
110 125 0.0829
115 125 0.0270
120 125 0.0149
125 125 0.0037
130 125 0.0042
135 125 0.0111
140 125 0.0171
145 125 0.0384
150 125 0.0622
155 125 0.0944
160 125 0.0702
165 125 0.0052
170 125 0.0037
10 130 0.0744
15 130 0.4649
20 130 0.0217
25 130 0.4882
30 130 0.0133
35 130 0.0133
40 130 0.0029
45 130 0.0094
50 130 0.1419
55 130 0.1193
60 130 0.0359
65 130 0.0110
70 130 0.0058
75 130 0.0123
80 130 0.1006
85 130 0.1783
90 130 0.1348
95 130 0.0761
100 130 0.0172
105 130 0.0198
110 130 0.0147
115 130 0.0061
120 130 0.0042
125 130 0.0044
130 130 0.0003
135 130 0.0112
140 130 0.0177
145 130 0.0426
150 130 0.0299
155 130 0.0562
160 130 0.0410
165 130 0.0103
170 130 0.0038
10 135 0.4630
15 135 0.2949
20 135 0.0891
25 135 0.0185
30 135 0.0052
35 135 0.0024
40 135 0.0097
45 135 0.0386
50 135 0.8707
55 135 1.2351
60 135 0.9828
65 135 1.0314
70 135 0.5719
75 135 0.1767
80 135 0.0550
85 135 0.1291
90 135 0.0990
95 135 0.0914
100 135 0.0149
105 135 0.0087
110 135 0.0071
115 135 0.0060
120 135 0.0050
125 135 0.0016
130 135 0.0063
135 135 0.0094
140 135 0.0132
145 135 0.0201
150 135 0.0202
155 135 0.0404
160 135 0.0296
165 135 0.0120
170 135 0.0041
10 140 0.3570
15 140 0.2649
20 140 0.0469
25 140 0.0133
30 140 0.0045
35 140 0.0056
40 140 0.0230
45 140 0.0607
50 140 1.9948
55 140 2.3698
60 140 1.6471
65 140 0.5955
70 140 0.2931
75 140 0.1230
80 140 4.2726
85 140 0.2195
90 140 0.9081
95 140 0.4343
100 140 0.1242
105 140 0.0363
110 140 0.0170
115 140 0.0115
120 140 0.0073
125 140 0.0081
130 140 0.0090
135 140 0.0133
140 140 0.0191
145 140 0.0192
150 140 0.0119
155 140 0.0229
160 140 0.0213
165 140 0.0150
170 140 0.0063
10 145 0.2427
15 145 0.1440
20 145 0.0235
25 145 0.0092
30 145 0.0121
35 145 0.0074
40 145 0.0562
45 145 0.3495
50 145 1.6924
55 145 1.4369
60 145 0.8472
65 145 0.6420
70 145 0.4569
75 145 0.0840
80 145 0.0823
85 145 0.0279
90 145 0.1465
95 145 0.4246
100 145 0.2505
105 145 0.0960
110 145 0.0342
115 145 0.0205
120 145 0.0154
125 145 0.0132
130 145 0.0129
135 145 0.0098
140 145 0.0142
145 145 0.0181
150 145 0.0168
155 145 0.0108
160 145 0.0087
165 145 0.0142
170 145 0.0058
10 150 0.2792
15 150 0.0465
20 150 0.0163
25 150 0.0142
30 150 0.0100
35 150 0.0156
40 150 0.0598
45 150 0.0780
50 150 0.6622
55 150 0.4378
60 150 0.9076
65 150 0.7329
70 150 0.2436
75 150 0.0605
80 150 0.0080
85 150 0.0067
90 150 0.0117
95 150 0.2097
100 150 0.2108
105 150 0.1162
110 150 0.0552
115 150 0.0242
120 150 0.0226
125 150 0.0205
130 150 0.0205
135 150 0.0038
140 150 0.0127
145 150 0.0185
150 150 0.0123
155 150 0.0101
160 150 0.0117
165 150 0.0187
170 150 0.0121
10 155 0.1409
15 155 0.0514
20 155 0.0117
25 155 0.0075
30 155 0.0063
35 155 0.0086
40 155 0.0312
45 155 0.0485
50 155 0.0348
55 155 0.4502
60 155 0.5847
65 155 0.4110
70 155 0.1587
75 155 0.0810
80 155 0.0182
85 155 0.0370
90 155 0.0219
95 155 0.0495
100 155 0.0375
105 155 0.0305
110 155 0.0208
115 155 0.0320
120 155 0.0136
125 155 0.0155
130 155 0.0119
135 155 0.0217
140 155 0.0163
145 155 0.0062
150 155 0.0119
155 155 0.0091
160 155 0.0103
165 155 0.0107
170 155 0.0123
10 160 0.0782
15 160 0.0417
20 160 0.0191
25 160 0.0170
30 160 0.0144
35 160 0.0098
40 160 0.0082
45 160 0.0110
50 160 0.0018
55 160 0.0465
60 160 0.1018
65 160 0.0390
70 160 0.0158
75 160 0.0082
80 160 0.0039
85 160 0.0205
90 160 0.0355
95 160 0.0274
100 160 0.0165
105 160 0.0043
110 160 0.0048
115 160 0.0051
120 160 0.0060
125 160 0.0088
130 160 0.0175
135 160 0.0219
140 160 0.0165
145 160 0.0069
150 160 0.0064
155 160 0.0084
160 160 0.0167
165 160 0.0077
170 160 0.0090
10 165 0.0422
15 165 0.0375
20 165 0.0351
25 165 0.0679
30 165 0.1906
35 165 0.1790
40 165 0.0906
45 165 0.0373
50 165 0.0007
55 165 0.0006
60 165 0.0008
65 165 0.0006
70 165 0.0004
75 165 0.0008
80 165 0.0028
85 165 0.0497
90 165 0.0914
95 165 0.2003
100 165 0.1259
105 165 0.0199
110 165 0.0167
115 165 0.0034
120 165 0.0032
125 165 0.0048
130 165 0.0055
135 165 0.0077
140 165 0.0131
145 165 0.0169
150 165 0.0452
155 165 0.0059
160 165 0.0070
165 165 0.0079
170 165 0.0088
10 170 0.0112
15 170 0.0159
20 170 0.0399
25 170 0.2312
30 170 0.4266
35 170 0.4103
40 170 0.1466
45 170 0.0596
50 170 0.0719
55 170 0.0324
60 170 0.0080
65 170 0.0074
70 170 0.0251
75 170 0.1600
80 170 0.2751
85 170 0.1716
90 170 0.0760
95 170 0.2185
100 170 0.7506
105 170 1.1614
110 170 0.1796
115 170 0.0297
120 170 0.0049
125 170 0.0022
130 170 0.0030
135 170 0.0060
140 170 0.0088
145 170 0.0707
150 170 0.0072
155 170 0.0063
160 170 0.0081
165 170 0.0075
170 170 0.0149
10 175 0.0047
15 175 0.0034
20 175 0.0093
25 175 0.2198
30 175 0.4340
35 175 0.7765
40 175 0.2193
45 175 0.2394
50 175 0.1012
55 175 0.2429
60 175 0.3453
65 175 0.4926
70 175 1.2244
75 175 2.0122
80 175 1.9952
85 175 1.4754
90 175 0.5574
95 175 0.0312
100 175 0.0731
105 175 0.1426
110 175 0.5790
115 175 1.1731
120 175 0.0978
125 175 0.0054
130 175 0.0020
135 175 0.0018
140 175 0.0167
145 175 0.0487
150 175 0.0062
155 175 0.0060
160 175 0.0118
165 175 0.1539
170 175 0.0662
