10 -180 5.8672
15 -180 6.0539
20 -180 9.8794
25 -180 7.2773
30 -180 7.7352
35 -180 8.5004
40 -180 35.8328
45 -180 12.0221
50 -180 7.8439
55 -180 6.8218
60 -180 12.8037
65 -180 92.8723
70 -180 4.8390
75 -180 15.8282
80 -180 4.2663
85 -180 3.1774
90 -180 2.7809
95 -180 15.4939
100 -180 1.9899
105 -180 3.1589
110 -180 9.6502
115 -180 33.8431
120 -180 0.1438
125 -180 0.2028
130 -180 0.0184
135 -180 0.5307
140 -180 0.2841
145 -180 2.9860
150 -180 0.0733
155 -180 0.0305
160 -180 0.0136
165 -180 0.0210
170 -180 0.2171
10 -175 12.0011
15 -175 13.7605
20 -175 6.2772
25 -175 6.4171
30 -175 9.2517
35 -175 7.7210
40 -175 8.0330
45 -175 37.8352
50 -175 9.6882
55 -175 6.1893
60 -175 5.5342
65 -175 5.0143
70 -175 17.6759
75 -175 77.7694
80 -175 4.6837
85 -175 21.5479
90 -175 3.1526
95 -175 2.7231
100 -175 2.4205
105 -175 2.0169
110 -175 6.2758
115 -175 36.9500
120 -175 2.6930
125 -175 0.2049
130 -175 6.4270
135 -175 24.1265
140 -175 2.0198
145 -175 0.3745
150 -175 0.1703
155 -175 77.0425
160 -175 0.0165
165 -175 0.0255
170 -175 0.4742
10 -170 1713.0436
15 -170 14.2885
20 -170 8.1863
25 -170 10.5642
30 -170 7.2052
35 -170 7.4525
40 -170 7.4205
45 -170 7.0253
50 -170 6.3000
55 -170 5.6049
60 -170 4.9553
65 -170 7.4433
70 -170 3.9688
75 -170 65.6549
80 -170 3.6880
85 -170 4.4147
90 -170 15.6921
95 -170 5.6545
100 -170 2.3876
105 -170 2.1317
110 -170 2.1007
115 -170 3.9650
120 -170 8.8497
125 -170 23.7827
130 -170 0.3229
135 -170 8.5465
140 -170 14.5637
145 -170 0.7843
150 -170 0.3334
155 -170 0.0620
160 -170 0.0313
165 -170 0.0269
170 -170 0.0897
10 -165 2.8454
15 -165 3.1191
20 -165 3.5421
25 -165 79.9371
30 -165 8.0930
35 -165 4.2935
40 -165 4.8465
45 -165 4.4683
50 -165 9.3663
55 -165 4.8501
60 -165 14.2831
65 -165 3.4941
70 -165 3.1302
75 -165 2.8824
80 -165 36.8948
85 -165 3.3248
90 -165 3.1274
95 -165 32.2670
100 -165 2.1538
105 -165 3.2957
110 -165 346.4349
115 -165 3.7129
120 -165 4.5625
125 -165 147.4362
130 -165 0.4053
135 -165 16.3692
140 -165 21.2940
145 -165 8.7810
150 -165 0.5411
155 -165 32.5001
160 -165 0.0488
165 -165 0.0450
170 -165 0.0536
10 -160 1.3992
15 -160 2.9649
20 -160 2.5057
25 -160 3.2946
30 -160 4.2958
35 -160 9.6572
40 -160 3.4927
45 -160 2.5503
50 -160 2.2966
55 -160 2.1691
60 -160 3.7534
65 -160 2.0158
70 -160 1.8851
75 -160 1.9583
80 -160 2.3215
85 -160 2.4723
90 -160 64.6737
95 -160 2.3929
100 -160 1.7891
105 -160 3.2122
110 -160 1.7918
115 -160 1.6759
120 -160 1.9117
125 -160 2.0716
130 -160 15.5688
135 -160 0.6607
140 -160 0.1610
145 -160 0.3643
150 -160 0.5491
155 -160 1.1930
160 -160 26.6124
165 -160 0.8344
170 -160 0.0475
10 -155 1.7039
15 -155 2.0665
20 -155 2.4663
25 -155 2.6162
30 -155 5.1839
35 -155 2.1422
40 -155 2.2019
45 -155 2.0411
50 -155 16.5379
55 -155 11.2597
60 -155 1.1083
65 -155 1.0880
70 -155 334.0072
75 -155 1.0905
80 -155 1.1052
85 -155 19.9851
90 -155 1.8601
95 -155 12.8192
100 -155 1.5185
105 -155 1.6802
110 -155 1.8161
115 -155 1.9515
120 -155 1.7130
125 -155 1.6073
130 -155 3.7515
135 -155 26.1648
140 -155 0.4424
145 -155 0.4331
150 -155 0.5573
155 -155 0.7062
160 -155 0.2857
165 -155 0.0927
170 -155 0.0698
10 -150 1.6749
15 -150 2.1703
20 -150 2.2191
25 -150 1.9730
30 -150 1.6239
35 -150 1.2959
40 -150 1.9064
45 -150 1.3068
50 -150 1.2501
55 -150 0.8960
60 -150 7.6424
65 -150 9.0991
70 -150 0.2989
75 -150 0.5078
80 -150 0.4962
85 -150 0.7314
90 -150 1.0367
95 -150 1.3852
100 -150 1.7727
105 -150 2.0395
110 -150 2.2782
115 -150 3.4534
120 -150 1.6163
125 -150 1.4773
130 -150 0.9793
135 -150 0.5741
140 -150 0.4892
145 -150 0.4231
150 -150 0.4977
155 -150 0.3729
160 -150 0.2254
165 -150 0.1633
170 -150 0.0580
10 -145 1.6863
15 -145 1.3912
20 -145 1.9292
25 -145 0.3258
30 -145 0.1429
35 -145 0.2370
40 -145 0.2611
45 -145 0.1675
50 -145 0.3761
55 -145 0.4516
60 -145 1.1901
65 -145 46.1244
70 -145 14.2812
75 -145 0.3054
80 -145 0.3136
85 -145 0.4576
90 -145 0.6757
95 -145 7.2306
100 -145 1.3316
105 -145 1.7884
110 -145 1.2295
115 -145 1.5929
120 -145 49.2586
125 -145 0.9852
130 -145 0.7727
135 -145 0.6931
140 -145 0.6635
145 -145 1.5927
150 -145 0.2856
155 -145 0.3590
160 -145 0.3176
165 -145 0.2280
170 -145 0.1300
10 -140 1.0242
15 -140 8.2656
20 -140 15.0921
25 -140 0.0710
30 -140 1.8653
35 -140 0.3930
40 -140 34.2608
45 -140 0.1978
50 -140 0.1793
55 -140 1.6258
60 -140 0.0546
65 -140 0.0399
70 -140 0.1619
75 -140 0.2591
80 -140 10.8358
85 -140 0.4140
90 -140 0.5402
95 -140 0.7640
100 -140 0.7472
105 -140 0.8033
110 -140 0.7703
115 -140 0.7085
120 -140 0.8380
125 -140 0.6818
130 -140 0.7519
135 -140 33.1566
140 -140 0.6057
145 -140 12.0411
150 -140 0.1926
155 -140 0.3337
160 -140 0.3875
165 -140 0.5970
170 -140 1.0520
10 -135 44.7405
15 -135 15.9901
20 -135 1.1643
25 -135 1.8952
30 -135 6.3457
35 -135 10.5516
40 -135 15.9368
45 -135 41.5579
50 -135 0.1102
55 -135 0.0047
60 -135 4.4483
65 -135 0.0092
70 -135 0.1048
75 -135 0.1399
80 -135 1.8680
85 -135 0.1984
90 -135 0.1599
95 -135 0.4866
100 -135 0.5102
105 -135 0.7913
110 -135 0.9070
115 -135 1.0202
120 -135 4.4192
125 -135 4.1227
130 -135 1.0894
135 -135 0.8006
140 -135 0.6350
145 -135 0.4819
150 -135 0.1356
155 -135 0.1987
160 -135 1.2392
165 -135 1.5912
170 -135 402.5804
10 -130 12.3140
15 -130 12.4404
20 -130 7.0896
25 -130 7.8006
30 -130 11.0634
35 -130 12.0634
40 -130 14.5895
45 -130 8.3404
50 -130 19.3378
55 -130 2.5627
60 -130 0.1739
65 -130 0.2102
70 -130 0.1726
75 -130 0.2043
80 -130 0.2769
85 -130 0.4036
90 -130 0.6704
95 -130 1.1837
100 -130 1.4179
105 -130 1.9055
110 -130 1.8090
115 -130 3.0576
120 -130 2.1740
125 -130 5.3481
130 -130 1.4267
135 -130 3.2159
140 -130 0.6201
145 -130 0.3141
150 -130 0.0094
155 -130 21.7381
160 -130 1.1449
165 -130 1.2690
170 -130 0.8924
10 -125 7.4489
15 -125 20.9097
20 -125 12.6168
25 -125 10.2024
30 -125 12.4777
35 -125 16.9274
40 -125 20.1409
45 -125 11.3776
50 -125 7.3603
55 -125 6.4828
60 -125 4.6448
65 -125 2.9706
70 -125 2.8477
75 -125 1.9727
80 -125 1.5868
85 -125 6.6027
90 -125 1.5892
95 -125 1.5473
100 -125 1.5872
105 -125 1.7762
110 -125 2.0340
115 -125 1.9963
120 -125 267.1355
125 -125 1.9869
130 -125 13.2752
135 -125 2.9079
140 -125 0.7733
145 -125 0.0060
150 -125 0.0462
155 -125 1.0071
160 -125 1.2707
165 -125 1.2180
170 -125 0.8225
10 -120 4.6993
15 -120 35.9256
20 -120 11.5578
25 -120 41.7353
30 -120 14.8924
35 -120 11.8286
40 -120 9.2073
45 -120 6.1828
50 -120 7.0832
55 -120 5.7121
60 -120 4.2624
65 -120 7.4398
70 -120 2.2288
75 -120 2.2363
80 -120 25.1922
85 -120 2.2860
90 -120 5.3720
95 -120 2.6737
100 -120 2.4758
105 -120 30.1812
110 -120 2.0071
115 -120 2.0136
120 -120 2.0030
125 -120 1.7961
130 -120 1.6134
135 -120 1.3937
140 -120 0.3861
145 -120 0.1921
150 -120 0.3236
155 -120 0.7014
160 -120 1.2093
165 -120 1.6044
170 -120 0.8112
10 -115 8.7167
15 -115 18.4940
20 -115 11.9163
25 -115 19.8304
30 -115 23.9565
35 -115 48.3858
40 -115 9.2104
45 -115 6.4270
50 -115 7.0931
55 -115 5.5557
60 -115 3.0436
65 -115 2.4696
70 -115 2.5614
75 -115 3.0768
80 -115 9.2169
85 -115 4.0076
90 -115 4.8624
95 -115 18.4369
100 -115 3.3573
105 -115 2.9835
110 -115 2.1894
115 -115 2.0262
120 -115 1.8641
125 -115 1.7124
130 -115 1.3335
135 -115 3.7214
140 -115 1.2646
145 -115 0.6769
150 -115 0.2154
155 -115 0.6061
160 -115 1.2756
165 -115 5.2834
170 -115 0.6591
10 -110 8.2031
15 -110 18.4349
20 -110 12.0720
25 -110 14.1682
30 -110 36.9018
35 -110 11.7796
40 -110 10.8110
45 -110 8.0777
50 -110 5.2315
55 -110 6.9851
60 -110 2.9744
65 -110 3.6307
70 -110 2.6048
75 -110 10.2389
80 -110 2.7268
85 -110 164.5190
90 -110 4.1576
95 -110 22.6654
100 -110 5.1357
105 -110 4.0593
110 -110 2.5899
115 -110 1.9466
120 -110 1.6583
125 -110 1.5718
130 -110 0.9074
135 -110 0.2542
140 -110 1.7413
145 -110 0.4623
150 -110 0.2721
155 -110 71.7014
160 -110 1.2680
165 -110 0.9567
170 -110 0.5978
10 -105 119.4553
15 -105 17.2528
20 -105 13.0043
25 -105 11.9112
30 -105 13.4257
35 -105 11.6648
40 -105 13.0800
45 -105 12.1920
50 -105 5.9225
55 -105 66.0248
60 -105 3.1949
65 -105 2.8529
70 -105 2.4076
75 -105 1.9851
80 -105 2.0652
85 -105 19.7317
90 -105 4.5050
95 -105 4.1508
100 -105 4.6166
105 -105 3.9448
110 -105 4.0224
115 -105 13.2296
120 -105 1.6744
125 -105 1.5107
130 -105 0.5011
135 -105 0.0174
140 -105 1.0358
145 -105 0.0997
150 -105 0.1414
155 -105 0.5193
160 -105 0.7778
165 -105 0.6232
170 -105 0.4286
10 -100 9.2425
15 -100 15.2265
20 -100 9.4004
25 -100 12.9252
30 -100 22.1717
35 -100 13.3802
40 -100 11.7243
45 -100 5.2102
50 -100 3.2470
55 -100 2.8150
60 -100 2.8453
65 -100 44.1762
70 -100 2.2122
75 -100 2.1287
80 -100 2.1871
85 -100 2.7380
90 -100 2.6523
95 -100 3.7929
100 -100 2.9313
105 -100 2.8829
110 -100 4.5857
115 -100 2.1300
120 -100 2.0394
125 -100 1.2238
130 -100 0.2930
135 -100 0.0021
140 -100 0.0668
145 -100 0.0594
150 -100 0.0993
155 -100 694.6946
160 -100 0.2923
165 -100 0.4453
170 -100 0.2748
10 -95 8.9436
15 -95 10.6063
20 -95 10.2481
25 -95 17.9737
30 -95 15.4703
35 -95 14.5998
40 -95 18.8103
45 -95 61.9116
50 -95 4.4592
55 -95 15.2473
60 -95 8.3662
65 -95 1.9654
70 -95 2.3681
75 -95 1.6587
80 -95 1.6757
85 -95 2.0751
90 -95 1.3082
95 -95 1.5027
100 -95 1.6901
105 -95 0.3602
110 -95 4.5808
115 -95 0.3318
120 -95 0.3716
125 -95 0.4171
130 -95 0.0389
135 -95 0.0029
140 -95 0.3967
145 -95 0.1679
150 -95 0.1354
155 -95 12.7075
160 -95 0.3023
165 -95 0.3128
170 -95 0.0394
10 -90 103.3577
15 -90 6.1931
20 -90 9.4825
25 -90 15.3945
30 -90 90.4774
35 -90 6.1830
40 -90 9.6872
45 -90 6.3266
50 -90 1.9312
55 -90 1.8692
60 -90 2.4492
65 -90 1.7308
70 -90 84.5416
75 -90 1.3088
80 -90 0.2418
85 -90 0.0497
90 -90 0.0716
95 -90 1.4318
100 -90 0.4417
105 -90 0.4845
110 -90 35.5063
115 -90 12.1688
120 -90 0.0478
125 -90 0.0019
130 -90 0.0029
135 -90 0.0067
140 -90 0.5758
145 -90 0.7458
150 -90 1.3552
155 -90 0.2841
160 -90 0.3054
165 -90 0.0184
170 -90 0.0075
10 -85 2.7341
15 -85 42.9489
20 -85 22.7558
25 -85 4.8886
30 -85 10.0211
35 -85 1.8314
40 -85 1.5967
45 -85 130.2770
50 -85 2.3214
55 -85 8.9883
60 -85 2.4219
65 -85 0.6420
70 -85 0.1352
75 -85 0.0093
80 -85 0.0047
85 -85 97.4869
90 -85 0.0052
95 -85 0.0239
100 -85 0.0741
105 -85 0.1356
110 -85 0.0794
115 -85 4.5259
120 -85 0.0006
125 -85 0.0003
130 -85 0.0058
135 -85 0.0889
140 -85 0.1286
145 -85 0.1548
150 -85 0.0472
155 -85 0.0229
160 -85 0.0126
165 -85 0.0065
170 -85 0.0068
10 -80 0.7423
15 -80 3.8726
20 -80 1.1805
25 -80 2.0983
30 -80 1.0859
35 -80 55.3166
40 -80 0.9549
45 -80 1.4584
50 -80 8.0872
55 -80 78.3791
60 -80 34.9942
65 -80 0.1664
70 -80 0.0089
75 -80 0.0024
80 -80 0.0017
85 -80 0.0024
90 -80 0.0318
95 -80 0.9073
100 -80 1.1871
105 -80 1.5582
110 -80 1.3433
115 -80 19.4612
120 -80 0.0988
125 -80 1.1488
130 -80 0.1086
135 -80 0.1109
140 -80 0.0457
145 -80 0.0187
150 -80 0.0154
155 -80 0.0392
160 -80 19.1245
165 -80 0.0360
170 -80 0.1358
10 -75 0.3829
15 -75 15.3435
20 -75 0.5368
25 -75 2.0676
30 -75 0.6531
35 -75 0.9643
40 -75 8.9010
45 -75 1.2138
50 -75 1.2396
55 -75 1.2735
60 -75 0.9937
65 -75 1.1034
70 -75 1.5181
75 -75 0.0990
80 -75 0.0444
85 -75 190.4655
90 -75 0.4728
95 -75 1.3886
100 -75 1.3799
105 -75 11.5605
110 -75 1.2434
115 -75 1.0057
120 -75 0.9905
125 -75 0.9148
130 -75 0.7390
135 -75 0.1953
140 -75 0.1485
145 -75 0.0586
150 -75 0.0641
155 -75 0.3870
160 -75 0.1417
165 -75 7.0791
170 -75 1.2699
10 -70 0.6589
15 -70 1.8995
20 -70 0.2861
25 -70 0.1699
30 -70 0.0837
35 -70 52.4331
40 -70 12.9374
45 -70 3.1038
50 -70 2.3808
55 -70 2.2280
60 -70 2.1874
65 -70 2.1355
70 -70 2.5681
75 -70 3.4329
80 -70 21.6998
85 -70 14.3603
90 -70 9.1982
95 -70 1.4811
100 -70 1.5003
105 -70 2.2760
110 -70 1.1920
115 -70 1.4646
120 -70 1.6546
125 -70 1.3741
130 -70 0.9360
135 -70 0.8139
140 -70 0.3040
145 -70 0.0492
150 -70 0.1395
155 -70 0.7444
160 -70 0.9827
165 -70 1.6021
170 -70 1.6330
10 -65 0.1771
15 -65 0.0824
20 -65 0.1690
25 -65 9.5280
30 -65 0.0177
35 -65 6.2538
40 -65 4.6698
45 -65 4.3671
50 -65 3.8476
55 -65 3.4793
60 -65 3.9714
65 -65 3.1990
70 -65 3.3013
75 -65 3.8774
80 -65 3.5934
85 -65 2.6753
90 -65 2.1412
95 -65 1.8747
100 -65 1.8585
105 -65 15.4653
110 -65 1.8727
115 -65 2.2363
120 -65 2.2399
125 -65 1.6760
130 -65 0.9662
135 -65 0.7427
140 -65 28.0526
145 -65 0.0346
150 -65 0.4518
155 -65 0.4138
160 -65 0.9125
165 -65 1.5348
170 -65 2.7719
10 -60 0.1429
15 -60 0.0598
20 -60 0.0793
25 -60 0.0031
30 -60 3.0309
35 -60 5.9238
40 -60 5.7096
45 -60 5.0626
50 -60 4.7039
55 -60 6.9218
60 -60 4.3026
65 -60 3.8841
70 -60 3.7942
75 -60 3.8077
80 -60 3.7888
85 -60 3.0291
90 -60 2.9274
95 -60 2.9452
100 -60 3.1383
105 -60 2.7579
110 -60 7.9745
115 -60 2.5897
120 -60 2.2710
125 -60 1.2956
130 -60 0.8588
135 -60 0.3555
140 -60 0.0612
145 -60 0.1255
150 -60 0.0476
155 -60 3.9441
160 -60 42.4830
165 -60 1.5024
170 -60 1.8565
10 -55 0.2453
15 -55 0.0454
20 -55 0.0409
25 -55 16.4563
30 -55 5.7546
35 -55 77.5066
40 -55 6.6113
45 -55 5.7217
50 -55 5.3155
55 -55 21.0907
60 -55 4.9972
65 -55 4.7286
70 -55 4.4516
75 -55 4.2368
80 -55 4.5199
85 -55 3.8758
90 -55 3.7440
95 -55 3.8060
100 -55 3.6395
105 -55 3.6852
110 -55 3.5591
115 -55 10.9655
120 -55 2.0224
125 -55 1.0982
130 -55 0.6318
135 -55 0.1734
140 -55 0.1139
145 -55 0.0290
150 -55 0.0209
155 -55 0.1200
160 -55 0.6878
165 -55 1.5434
170 -55 1.9033
10 -50 0.4070
15 -50 0.5742
20 -50 0.0265
25 -50 0.1381
30 -50 126.5856
35 -50 6.5249
40 -50 6.9409
45 -50 6.2688
50 -50 5.7220
55 -50 5.4619
60 -50 6.4956
65 -50 5.8472
70 -50 5.4469
75 -50 2829.7880
80 -50 4.8626
85 -50 4.9518
90 -50 5.3914
95 -50 5.4112
100 -50 4.4301
105 -50 2.7066
110 -50 0.9090
115 -50 6.4234
120 -50 1.2151
125 -50 92.0165
130 -50 0.2789
135 -50 0.2131
140 -50 0.2273
145 -50 0.4247
150 -50 0.0182
155 -50 25.7035
160 -50 0.6619
165 -50 1.5683
170 -50 1.9086
10 -45 111.7074
15 -45 0.0169
20 -45 0.0138
25 -45 0.4763
30 -45 60.3459
35 -45 6.7206
40 -45 6.8541
45 -45 6.7284
50 -45 5.9642
55 -45 5.6994
60 -45 5.8459
65 -45 5.6107
70 -45 5.6615
75 -45 5.6560
80 -45 6.4072
85 -45 6.5032
90 -45 5.8303
95 -45 5.7510
100 -45 5.7623
105 -45 4.3815
110 -45 0.9814
115 -45 0.4077
120 -45 69.5852
125 -45 2.8079
130 -45 0.4335
135 -45 0.2419
140 -45 0.1629
145 -45 0.1051
150 -45 0.0222
155 -45 2.3829
160 -45 5.5583
165 -45 2.3244
170 -45 1.9255
10 -40 2.3559
15 -40 0.0190
20 -40 0.6466
25 -40 0.3621
30 -40 9.7535
35 -40 8.3803
40 -40 8.2326
45 -40 6.8272
50 -40 6.3649
55 -40 6.4903
60 -40 30.3445
65 -40 6.6082
70 -40 7.1984
75 -40 7.1381
80 -40 8.0273
85 -40 9.1631
90 -40 5.4771
95 -40 4.9893
100 -40 2.8661
105 -40 1.0652
110 -40 0.8289
115 -40 0.5877
120 -40 0.7234
125 -40 0.6364
130 -40 0.5964
135 -40 0.3300
140 -40 0.2339
145 -40 0.0601
150 -40 0.0486
155 -40 18.3916
160 -40 1.0544
165 -40 1.9939
170 -40 2.1894
10 -35 51.8627
15 -35 0.0196
20 -35 0.0121
25 -35 0.3159
30 -35 8.3824
35 -35 10.2568
40 -35 311.4164
45 -35 6.7032
50 -35 6.6506
55 -35 125.1062
60 -35 7.1734
65 -35 7.5043
70 -35 7.9221
75 -35 8.5032
80 -35 15.9710
85 -35 338.1621
90 -35 214.1644
95 -35 3.2314
100 -35 1.1298
105 -35 16.4263
110 -35 10.6258
115 -35 0.7491
120 -35 7.4568
125 -35 0.5415
130 -35 0.4332
135 -35 4.9842
140 -35 1.3948
145 -35 0.1879
150 -35 0.1568
155 -35 0.4472
160 -35 1.8189
165 -35 2.4136
170 -35 2.0552
10 -30 2.0452
15 -30 0.0234
20 -30 0.0296
25 -30 0.6091
30 -30 2.6718
35 -30 11.6840
40 -30 59.4701
45 -30 6.2450
50 -30 7.0911
55 -30 6.7730
60 -30 7.2573
65 -30 7.6471
70 -30 8.0918
75 -30 8.4893
80 -30 9.3755
85 -30 8.8286
90 -30 12.1488
95 -30 1.7518
100 -30 1.2498
105 -30 4.9509
110 -30 0.7330
115 -30 6.6402
120 -30 0.7884
125 -30 0.6942
130 -30 0.8869
135 -30 0.3150
140 -30 0.4201
145 -30 7.2528
150 -30 0.5386
155 -30 1.2251
160 -30 3.0810
165 -30 3.2325
170 -30 2.3551
10 -25 20.3705
15 -25 2.7743
20 -25 25.9939
25 -25 4.3203
30 -25 4.3543
35 -25 8.0987
40 -25 5.3011
45 -25 5.3317
50 -25 117.0577
55 -25 5.8078
60 -25 6.5040
65 -25 9.6585
70 -25 8.4356
75 -25 10.7706
80 -25 12.1947
85 -25 172.9560
90 -25 5.3457
95 -25 3.4254
100 -25 7.7071
105 -25 230.2186
110 -25 5.5026
115 -25 2.5033
120 -25 1.0358
125 -25 0.8005
130 -25 0.6649
135 -25 0.4442
140 -25 0.6855
145 -25 2.3030
150 -25 1.4626
155 -25 8.7706
160 -25 6.3273
165 -25 3.8400
170 -25 2.2740
10 -20 11.7315
15 -20 40.5638
20 -20 36.5030
25 -20 0.3833
30 -20 13.2144
35 -20 1.0631
40 -20 4.4960
45 -20 4.1277
50 -20 4.6036
55 -20 5.1460
60 -20 6.1224
65 -20 7.1777
70 -20 9.9244
75 -20 10.8944
80 -20 11.1096
85 -20 13.6493
90 -20 33.0751
95 -20 12.0428
100 -20 10.9051
105 -20 11.7585
110 -20 7.5022
115 -20 6.7285
120 -20 1.5394
125 -20 0.7192
130 -20 1.0047
135 -20 1.2814
140 -20 1.6912
145 -20 3.1689
150 -20 2.2299
155 -20 2.9205
160 -20 4.4367
165 -20 23.2412
170 -20 1.9642
10 -15 146.1929
15 -15 44.6591
20 -15 62.3399
25 -15 0.6705
30 -15 5.7308
35 -15 0.3536
40 -15 0.5831
45 -15 2.1567
50 -15 6.6598
55 -15 210.3216
60 -15 5.7437
65 -15 7.2406
70 -15 53.9148
75 -15 9.0661
80 -15 8.7437
85 -15 9.4416
90 -15 10.0404
95 -15 10.7906
100 -15 12.2694
105 -15 10.5732
110 -15 68.0254
115 -15 9.4859
120 -15 9.1756
125 -15 14.4570
130 -15 93.0846
135 -15 2.2776
140 -15 2.6404
145 -15 7.0844
150 -15 13.7664
155 -15 2.4447
160 -15 23.5562
165 -15 2.0874
170 -15 51.2835
10 -10 2.0912
15 -10 2.1749
20 -10 0.2214
25 -10 0.7218
30 -10 5.2802
35 -10 0.5339
40 -10 20.8964
45 -10 2.8441
50 -10 6.1224
55 -10 5.7887
60 -10 4.3033
65 -10 4.3225
70 -10 5.0727
75 -10 5.9869
80 -10 6.9771
85 -10 20.5610
90 -10 8.9479
95 -10 46.7358
100 -10 9.8355
105 -10 9.9266
110 -10 9.7053
115 -10 9.9961
120 -10 9.0441
125 -10 4.3887
130 -10 0.6127
135 -10 2.1248
140 -10 2.6143
145 -10 2.3255
150 -10 2.3330
155 -10 1.9548
160 -10 1.8392
165 -10 1.7204
170 -10 1.3884
10 -5 4.7762
15 -5 1.3816
20 -5 0.1801
25 -5 0.5556
30 -5 15.9016
35 -5 3.8254
40 -5 0.3031
45 -5 0.7358
50 -5 4.4779
55 -5 433.3987
60 -5 19.7763
65 -5 2.6413
70 -5 3.3726
75 -5 4.1650
80 -5 6.5897
85 -5 7.7742
90 -5 7.9911
95 -5 9.1180
100 -5 8.4984
105 -5 7.9731
110 -5 8.6388
115 -5 7.1696
120 -5 6.6015
125 -5 8.2430
130 -5 1.9396
135 -5 0.1731
140 -5 0.7726
145 -5 11.8914
150 -5 1.6166
155 -5 1.7747
160 -5 519.9483
165 -5 1.4802
170 -5 1.2081
10 0 2.4232
15 0 2.8933
20 0 5.7167
25 0 5.4009
30 0 5.3564
35 0 7.3151
40 0 8.5276
45 0 6.0773
50 0 2.7681
55 0 1.7018
60 0 0.4423
65 0 1.0260
70 0 1.8470
75 0 3.8131
80 0 4.3829
85 0 5.6030
90 0 13.1805
95 0 8.3264
100 0 8.6191
105 0 9.7494
110 0 9.1273
115 0 8.2466
120 0 6.6595
125 0 18.4813
130 0 1.2386
135 0 5.4196
140 0 0.0691
145 0 0.5093
150 0 17.4969
155 0 2.8859
160 0 0.8920
165 0 0.7414
170 0 0.4816
10 5 2.7787
15 5 2.6550
20 5 6.3208
25 5 7.6085
30 5 11.8911
35 5 56.6537
40 5 16.1034
45 5 11.3761
50 5 4.7524
55 5 46.7191
60 5 0.0976
65 5 20.1141
70 5 0.9514
75 5 2.3718
80 5 3.5227
85 5 4.9095
90 5 10.5998
95 5 9.2183
100 5 8.9829
105 5 11.2831
110 5 9.6925
115 5 8.5736
120 5 6.9907
125 5 5.1684
130 5 2.2755
135 5 0.2047
140 5 0.0056
145 5 0.0019
150 5 3.5704
155 5 0.0116
160 5 0.0235
165 5 0.1949
170 5 0.0593
10 10 1.2384
15 10 5.4545
20 10 6.6554
25 10 11.4624
30 10 26.0950
35 10 9.8657
40 10 12.9922
45 10 14.2210
50 10 6.1317
55 10 3.1927
60 10 0.1330
65 10 88.2648
70 10 0.0355
75 10 0.2239
80 10 3.6683
85 10 473.9254
90 10 6.0549
95 10 9.6553
100 10 8.0197
105 10 8.0893
110 10 7.4751
115 10 6.4484
120 10 5.3937
125 10 3.9977
130 10 3.0030
135 10 1.8408
140 10 0.9496
145 10 0.2357
150 10 0.0799
155 10 0.0069
160 10 0.0017
165 10 0.0024
170 10 111.9066
10 15 0.7378
15 15 0.6550
20 15 1.0343
25 15 6.8701
30 15 10.9513
35 15 11.1167
40 15 14.1001
45 15 23.5164
50 15 11.5345
55 15 7.1524
60 15 1.0424
65 15 0.0929
70 15 0.0187
75 15 0.0388
80 15 2.5119
85 15 3.7194
90 15 13.2535
95 15 7.1594
100 15 7.9664
105 15 7.2916
110 15 7.1444
115 15 6.7450
120 15 5.7134
125 15 4.8146
130 15 3.8509
135 15 2.9385
140 15 2.0718
145 15 1.3711
150 15 4.6788
155 15 0.2735
160 15 0.0149
165 15 0.0022
170 15 0.0293
10 20 0.7177
15 20 0.2200
20 20 0.3964
25 20 0.6870
30 20 6.3292
35 20 11.6385
40 20 12.8307
45 20 81.1185
50 20 11.5986
55 20 4.3934
60 20 1.0984
65 20 0.2286
70 20 0.1983
75 20 0.6259
80 20 67.8451
85 20 6.9046
90 20 4.0956
95 20 6.1377
100 20 6.5469
105 20 6.8551
110 20 6.6199
115 20 6.2653
120 20 7.7171
125 20 4.9912
130 20 4.4481
135 20 3.7538
140 20 3.0671
145 20 2.2491
150 20 1.3959
155 20 0.8420
160 20 1.7340
165 20 0.0175
170 20 0.0025
10 25 0.2680
15 25 0.1549
20 25 0.0927
25 25 0.2316
30 25 86.8764
35 25 7.1103
40 25 18.5037
45 25 21.0914
50 25 35.0284
55 25 56.5275
60 25 3.5182
65 25 4.8950
70 25 6.2482
75 25 21.3147
80 25 38.5564
85 25 67.7123
90 25 11.8590
95 25 4.2061
100 25 19.4135
105 25 5.6215
110 25 11.2281
115 25 5.5420
120 25 125.6876
125 25 4.9422
130 25 6.5726
135 25 24.2794
140 25 3.5540
145 25 26.1873
150 25 1.9775
155 25 6.5322
160 25 0.7525
165 25 0.2147
170 25 0.0115
10 30 0.0702
15 30 0.0618
20 30 0.0432
25 30 0.0914
30 30 0.4484
35 30 1.4190
40 30 37.5657
45 30 9.3372
50 30 36.4151
55 30 17.2120
60 30 31.5324
65 30 79.5849
70 30 44.1293
75 30 42.0800
80 30 33.2591
85 30 28.2076
90 30 30.3898
95 30 7.1940
100 30 2.8247
105 30 3.9111
110 30 20.1789
115 30 4.2726
120 30 4.4996
125 30 4.2870
130 30 28.9151
135 30 4.2232
140 30 4.2754
145 30 3.1646
150 30 2.3554
155 30 1.5317
160 30 1.0334
165 30 0.6534
170 30 0.0794
10 35 0.0173
15 35 0.0247
20 35 0.0372
25 35 0.2497
30 35 0.1817
35 35 0.2035
40 35 0.1363
45 35 0.2981
50 35 1.7077
55 35 84.2884
60 35 113.1880
65 35 43.6577
70 35 63.2367
75 35 43.4498
80 35 30.5463
85 35 34.2761
90 35 37.4258
95 35 13.1851
100 35 1.7693
105 35 3.0861
110 35 2.5023
115 35 1.6137
120 35 1.3660
125 35 111.7070
130 35 44.0621
135 35 4.0851
140 35 3.7938
145 35 8.0572
150 35 2.5539
155 35 1.7214
160 35 1.2647
165 35 1.1216
170 35 0.3922
10 40 0.0096
15 40 0.0110
20 40 0.0363
25 40 0.1786
30 40 0.4082
35 40 0.5260
40 40 29.7909
45 40 0.0162
50 40 0.0526
55 40 1.3375
60 40 28.3701
65 40 76.7077
70 40 32.8061
75 40 85.7401
80 40 43.1429
85 40 55.5726
90 40 34.9648
95 40 3.0271
100 40 2.5181
105 40 7.5753
110 40 2.0752
115 40 1.0473
120 40 38.2300
125 40 0.5499
130 40 0.9114
135 40 2.2814
140 40 3.5623
145 40 3.0877
150 40 2.5057
155 40 1.8449
160 40 1.4565
165 40 1.1261
170 40 0.7320
10 45 0.0193
15 45 0.0079
20 45 0.0668
25 45 0.5329
30 45 1.0395
35 45 1.5722
40 45 1.3878
45 45 0.7024
50 45 15.1469
55 45 0.0242
60 45 0.0120
65 45 0.3391
70 45 14.8461
75 45 33.8031
80 45 33.2267
85 45 36.8427
90 45 16.0832
95 45 0.2988
100 45 0.3313
105 45 2.1124
110 45 9.6234
115 45 31.9775
120 45 8.8975
125 45 6.3905
130 45 1.9677
135 45 16.9783
140 45 2.7306
145 45 2.6599
150 45 2.3169
155 45 2.0276
160 45 7.6910
165 45 1.2678
170 45 23.6388
10 50 0.0543
15 50 0.0081
20 50 0.1084
25 50 1.1746
30 50 2.2468
35 50 27.8556
40 50 3.3758
45 50 3.6444
50 50 3.5105
55 50 1.9240
60 50 1.2223
65 50 1.6040
70 50 47.6297
75 50 2.8158
80 50 0.2526
85 50 63.3672
90 50 3.0778
95 50 4.9661
100 50 35.1806
105 50 36.8100
110 50 24.9790
115 50 20.6481
120 50 14.3610
125 50 9.7959
130 50 6.5518
135 50 1.6079
140 50 0.6610
145 50 1.6889
150 50 64.4862
155 50 1.8613
160 50 1.6253
165 50 1.4374
170 50 1.3103
10 55 0.1600
15 55 7.3910
20 55 31.6971
25 55 2.3752
30 55 3.7030
35 55 5.0690
40 55 6.1342
45 55 6.7444
50 55 7.4716
55 55 17.0524
60 55 5.4923
65 55 4.7637
70 55 5.9089
75 55 10.5202
80 55 253.3862
85 55 29.8253
90 55 262.5202
95 55 40.5325
100 55 36.3784
105 55 32.4761
110 55 32.5023
115 55 24.7615
120 55 17.1562
125 55 12.7595
130 55 9.6678
135 55 11.6328
140 55 13.3527
145 55 2.4856
150 55 1.9503
155 55 1.8222
160 55 3.9652
165 55 1.4783
170 55 1.2791
10 60 7.3547
15 60 0.0567
20 60 386.7817
25 60 5.8352
30 60 7.3416
35 60 8.3830
40 60 9.9279
45 60 11.4980
50 60 13.4739
55 60 19.1545
60 60 86.4953
65 60 22.9928
70 60 27.4705
75 60 31.4768
80 60 43.3961
85 60 74.0698
90 60 102.4221
95 60 61.0322
100 60 45.9228
105 60 143.4422
110 60 32.3264
115 60 26.5749
120 60 19.5488
125 60 20.4923
130 60 14.1093
135 60 49.5418
140 60 2.9692
145 60 0.4024
150 60 1.5046
155 60 3.6992
160 60 1.6941
165 60 11.5841
170 60 1.3835
10 65 5.2024
15 65 0.1508
20 65 0.2213
25 65 6.7558
30 65 9.8127
35 65 16.1692
40 65 14.9627
45 65 597.5393
50 65 24.9870
55 65 157.6144
60 65 33.5276
65 65 44.9838
70 65 47.5619
75 65 66.2728
80 65 115.0636
85 65 71.9141
90 65 64.7159
95 65 114.5656
100 65 64.6806
105 65 48.8497
110 65 41.0164
115 65 30.2416
120 65 22.1601
125 65 19.0929
130 65 19.3784
135 65 13.0454
140 65 0.7665
145 65 0.4217
150 65 1.1641
155 65 9.1543
160 65 159.1392
165 65 1.5816
170 65 1.5385
10 70 0.8806
15 70 0.3419
20 70 0.4890
25 70 23.1821
30 70 12.3259
35 70 17.7824
40 70 21.6681
45 70 23.5528
50 70 28.0437
55 70 35.0071
60 70 45.1500
65 70 89.0860
70 70 63.5820
75 70 72.9357
80 70 132.8592
85 70 82.1900
90 70 78.1252
95 70 165.8720
100 70 125.6388
105 70 57.9538
110 70 43.8851
115 70 30.9236
120 70 28.4421
125 70 127.7402
130 70 101.5728
135 70 20.9758
140 70 25.3649
145 70 0.1754
150 70 0.7185
155 70 1.3672
160 70 5.7852
165 70 1.6615
170 70 1.6571
10 75 0.6710
15 75 0.5437
20 75 0.5748
25 75 12.6137
30 75 13.1861
35 75 23.2554
40 75 20.1295
45 75 25.7309
50 75 31.3568
55 75 45.7927
60 75 52.5333
65 75 64.3811
70 75 81.8788
75 75 81.1240
80 75 88.4442
85 75 87.7031
90 75 80.8071
95 75 73.2454
100 75 147.2764
105 75 59.6741
110 75 99.2396
115 75 101.7808
120 75 44.6296
125 75 48.7095
130 75 97.5288
135 75 26.0580
140 75 16.4824
145 75 28.3034
150 75 0.4838
155 75 1.3287
160 75 2.4615
165 75 13.0265
170 75 1.6375
10 80 0.5329
15 80 3.1538
20 80 0.3374
25 80 8.6712
30 80 17.3766
35 80 16.2880
40 80 21.8105
45 80 24.5846
50 80 32.5561
55 80 38.6047
60 80 47.7168
65 80 59.0824
70 80 68.4951
75 80 147.8759
80 80 93.7102
85 80 95.2851
90 80 78.6413
95 80 70.5481
100 80 68.3819
105 80 49.9351
110 80 56.4194
115 80 29.6272
120 80 46.2580
125 80 23.4336
130 80 186.6327
135 80 17.1712
140 80 14.8568
145 80 0.4393
150 80 388.8324
155 80 1.1918
160 80 5.2189
165 80 17.3274
170 80 1.5464
10 85 0.8161
15 85 0.4356
20 85 0.5397
25 85 3.0041
30 85 24.8102
35 85 16.0770
40 85 21.0360
45 85 22.2720
50 85 28.3630
55 85 36.4258
60 85 41.0506
65 85 49.1396
70 85 59.4015
75 85 115.8621
80 85 68.1665
85 85 65.7378
90 85 226.0972
95 85 80.5073
100 85 49.6152
105 85 98.1812
110 85 34.5208
115 85 51.2073
120 85 21.9411
125 85 17.7917
130 85 14.5327
135 85 12.4032
140 85 23.4950
145 85 0.9120
150 85 2.8558
155 85 0.9105
160 85 1.4653
165 85 1.6515
170 85 1.5088
10 90 0.1064
15 90 0.4366
20 90 7.9829
25 90 1.6705
30 90 12.6430
35 90 20.4445
40 90 16.7220
45 90 22.0048
50 90 22.7358
55 90 27.2186
60 90 1046.4837
65 90 36.9506
70 90 40.7922
75 90 45.7942
80 90 92.8836
85 90 280.4944
90 90 160.8277
95 90 64.2449
100 90 51.5094
105 90 68.5673
110 90 40.2030
115 90 33.2351
120 90 18.8919
125 90 15.3990
130 90 12.4190
135 90 21.3751
140 90 10.9400
145 90 5.9271
150 90 0.0292
155 90 60.9867
160 90 1.2215
165 90 1.4335
170 90 1.3983
10 95 0.0732
15 95 0.0777
20 95 0.1705
25 95 24.8642
30 95 2.5961
35 95 16.4418
40 95 54.9235
45 95 64.7306
50 95 23.6363
55 95 20.0647
60 95 22.6195
65 95 22.6102
70 95 168.7853
75 95 49.3797
80 95 102.9054
85 95 35.9956
90 95 4.7703
95 95 1.8439
100 95 7.8987
105 95 99.2159
110 95 16.2080
115 95 18.0052
120 95 18.8073
125 95 11.6115
130 95 9.2252
135 95 7.9002
140 95 3.8805
145 95 0.0400
150 95 0.0422
155 95 0.3603
160 95 3.5165
165 95 1.0215
170 95 0.6605
10 100 0.1940
15 100 0.0457
20 100 0.0628
25 100 0.6496
30 100 0.3905
35 100 65.9148
40 100 15.9112
45 100 11.0566
50 100 12.8496
55 100 13.9140
60 100 8.1640
65 100 3.5548
70 100 17.6917
75 100 26.3925
80 100 7.5939
85 100 10.4498
90 100 48.7635
95 100 14.4345
100 100 25.3165
105 100 4.5642
110 100 13.4388
115 100 2.0070
120 100 144.4047
125 100 4.7136
130 100 4.1188
135 100 3.3555
140 100 2.2196
145 100 0.0309
150 100 0.1514
155 100 0.3818
160 100 0.5315
165 100 0.4955
170 100 0.2346
10 105 1.0613
15 105 0.0845
20 105 0.0465
25 105 0.0622
30 105 0.0932
35 105 0.8470
40 105 4.1762
45 105 8.7633
50 105 14.2287
55 105 87.7917
60 105 21.2152
65 105 226.6398
70 105 4.5697
75 105 10.5181
80 105 17.3739
85 105 28.0900
90 105 26.5519
95 105 22.7428
100 105 39.9717
105 105 12.6602
110 105 4.4803
115 105 18.3768
120 105 0.5748
125 105 1.7886
130 105 2.5975
135 105 2.1705
140 105 1.4487
145 105 0.0823
150 105 104.2467
155 105 4.0864
160 105 0.3405
165 105 2.4844
170 105 0.1164
10 110 0.0915
15 110 0.0364
20 110 0.0290
25 110 47.1875
30 110 0.1271
35 110 1.1231
40 110 0.6827
45 110 545.0935
50 110 0.4124
55 110 0.2667
60 110 1.4959
65 110 2.0600
70 110 4.9004
75 110 9.3776
80 110 31.3943
85 110 36.4714
90 110 34.9471
95 110 33.2129
100 110 27.3052
105 110 91.8696
110 110 19.4884
115 110 9.6122
120 110 0.7678
125 110 0.2848
130 110 0.4438
135 110 0.7769
140 110 0.5842
145 110 0.0938
150 110 0.2284
155 110 134.0186
160 110 0.1959
165 110 0.0965
170 110 4.5098
10 115 0.0959
15 115 0.0551
20 115 0.0507
25 115 0.0219
30 115 0.1679
35 115 10.0729
40 115 1.4815
45 115 1.5624
50 115 1.4442
55 115 0.4578
60 115 0.0205
65 115 0.2510
70 115 3.7943
75 115 10.9796
80 115 23.3567
85 115 39.4535
90 115 38.4125
95 115 34.8741
100 115 26.6973
105 115 24.0698
110 115 19.3773
115 115 14.7770
120 115 15.9246
125 115 1.2298
130 115 0.2221
135 115 0.2208
140 115 0.0176
145 115 0.0029
150 115 0.0576
155 115 0.3360
160 115 8.2240
165 115 0.0528
170 115 0.0358
10 120 0.2175
15 120 0.1285
20 120 0.1462
25 120 0.0398
30 120 0.0073
35 120 0.6093
40 120 1.6752
45 120 1.7880
50 120 1.7041
55 120 0.8022
60 120 0.2951
65 120 0.5455
70 120 2.2969
75 120 8.6838
80 120 20.0952
85 120 25.6231
90 120 30.4218
95 120 28.9931
100 120 27.2429
105 120 35.5756
110 120 17.7110
115 120 15.2940
120 120 14.2748
125 120 11.5570
130 120 2.5622
135 120 1.4408
140 120 0.0013
145 120 0.0009
150 120 0.0319
155 120 0.1458
160 120 42.6925
165 120 0.0661
170 120 1.3624
10 125 0.4920
15 125 0.2928
20 125 0.3498
25 125 0.1587
30 125 0.0074
35 125 0.1470
40 125 3.3322
45 125 2.6495
50 125 1.5956
55 125 1.9895
60 125 2.2618
65 125 3.3348
70 125 3.9782
75 125 10.2095
80 125 29.4257
85 125 15.7080
90 125 10.3445
95 125 12.1288
100 125 21.6474
105 125 18.9826
110 125 15.6345
115 125 14.3454
120 125 19.1055
125 125 520.5723
130 125 13.1485
135 125 0.8159
140 125 0.0037
145 125 0.0098
150 125 0.2149
155 125 0.1637
160 125 0.0675
165 125 0.1422
170 125 4.9410
10 130 1.3699
15 130 0.7454
20 130 0.5035
25 130 0.1871
30 130 0.0290
35 130 11.0019
40 130 0.4598
45 130 1.2041
50 130 1.4536
55 130 2.4593
60 130 5.5177
65 130 9.8458
70 130 14.7226
75 130 17.9511
80 130 20.6201
85 130 14.9543
90 130 5.9175
95 130 4.0339
100 130 9.2815
105 130 46.0846
110 130 14.6736
115 130 13.6998
120 130 12.5116
125 130 11.1275
130 130 9.9934
135 130 5.7221
140 130 0.0182
145 130 0.0124
150 130 2.0661
155 130 0.1142
160 130 0.2796
165 130 59.8729
170 130 13.1962
10 135 1.7298
15 135 1.3634
20 135 1.2614
25 135 141.8853
30 135 41.9482
35 135 0.0308
40 135 15.9455
45 135 0.5112
50 135 2.6985
55 135 5.6782
60 135 7.6642
65 135 10.0559
70 135 13.6237
75 135 14.2852
80 135 13.4600
85 135 11.3202
90 135 34.1137
95 135 8.1596
100 135 14.1131
105 135 15.1223
110 135 15.6867
115 135 13.4394
120 135 12.8542
125 135 14.4926
130 135 9.2997
135 135 0.3249
140 135 0.0126
145 135 0.0090
150 135 0.0200
155 135 0.2453
160 135 0.2996
165 135 0.1936
170 135 8.9026
10 140 2.6985
15 140 1.9313
20 140 0.9285
25 140 0.2838
30 140 0.2957
35 140 1.0774
40 140 0.7054
45 140 2.7398
50 140 4.4528
55 140 5.6702
60 140 7.0291
65 140 9.0078
70 140 10.8831
75 140 11.1554
80 140 12.2774
85 140 11.7640
90 140 12.2173
95 140 14.1850
100 140 15.2340
105 140 14.7489
110 140 14.1553
115 140 13.5554
120 140 13.1248
125 140 1.5080
130 140 3.9968
135 140 1.4378
140 140 15.5446
145 140 0.0051
150 140 0.0252
155 140 0.2849
160 140 0.4719
165 140 0.1961
170 140 0.0362
10 145 13.1799
15 145 2.4656
20 145 1.3566
25 145 108.5976
30 145 0.4375
35 145 44.5318
40 145 1.4224
45 145 2.9560
50 145 4.3983
55 145 25.5552
60 145 5.9941
65 145 6.9555
70 145 7.9039
75 145 9.3028
80 145 9.6781
85 145 10.1535
90 145 12.1299
95 145 12.8258
100 145 14.0088
105 145 15.0958
110 145 16.6017
115 145 97.4589
120 145 8.5994
125 145 0.0448
130 145 9.7522
135 145 0.1375
140 145 2.1948
145 145 0.0119
150 145 3.7127
155 145 0.2872
160 145 0.4941
165 145 0.3284
170 145 95.9320
10 150 3.4102
15 150 3.0626
20 150 2.1705
25 150 0.6829
30 150 0.1760
35 150 27.7434
40 150 0.9552
45 150 8.7239
50 150 3.9439
55 150 4.8023
60 150 4.7557
65 150 5.0608
70 150 6.4240
75 150 7.2224
80 150 7.9261
85 150 8.2211
90 150 103.9443
95 150 10.1499
100 150 11.2157
105 150 14.8064
110 150 12.3098
115 150 4.4341
120 150 25.9049
125 150 0.4464
130 150 0.0315
135 150 0.0178
140 150 8.8438
145 150 0.0314
150 150 0.0784
155 150 0.3919
160 150 0.4014
165 150 0.1372
170 150 0.0297
10 155 3.4273
15 155 3.4954
20 155 4.5492
25 155 0.7722
30 155 0.1811
35 155 0.8344
40 155 0.9157
45 155 2.1866
50 155 3.3880
55 155 3.5514
60 155 4.2038
65 155 3.3214
70 155 3.8215
75 155 17.6411
80 155 6.7836
85 155 6.2753
90 155 50.9411
95 155 5.4101
100 155 3.0952
105 155 0.4753
110 155 0.1361
115 155 0.0283
120 155 0.1595
125 155 1.9447
130 155 89.5695
135 155 9.6808
140 155 0.0390
145 155 1.4770
150 155 0.1131
155 155 82.3563
160 155 2.0654
165 155 0.0982
170 155 21.6449
10 160 2.7321
15 160 2.2990
20 160 1.7942
25 160 1.3764
30 160 1.6560
35 160 2.4871
40 160 3.3109
45 160 4.7819
50 160 5.7749
55 160 4.2689
60 160 2.9355
65 160 2.6896
70 160 3.3751
75 160 4.1030
80 160 5.9987
85 160 7.6712
90 160 3.8043
95 160 0.8878
100 160 1.0657
105 160 0.0117
110 160 0.0041
115 160 0.0054
120 160 0.3612
125 160 0.0017
130 160 0.0143
135 160 0.1466
140 160 18.5620
145 160 0.0475
150 160 2.7666
155 160 34.5827
160 160 85.9090
165 160 30.9522
170 160 46.5621
10 165 3.1434
15 165 2.9037
20 165 2.9522
25 165 4.5708
30 165 5.1034
35 165 7.5800
40 165 7.2293
45 165 6.9412
50 165 5.9740
55 165 5.5008
60 165 5.0648
65 165 4.7020
70 165 3.8109
75 165 3.9941
80 165 303.7787
85 165 10.0127
90 165 11.0908
95 165 104.4063
100 165 1.2401
105 165 0.0332
110 165 0.0064
115 165 0.0051
120 165 0.0018
125 165 0.0291
130 165 0.0730
135 165 25.2971
140 165 0.2314
145 165 0.1653
150 165 1.0670
155 165 0.3512
160 165 0.0590
165 165 0.0394
170 165 5.9095
10 170 3.9459
15 170 3.8260
20 170 6.6571
25 170 5.6536
30 170 6.3505
35 170 7.5984
40 170 9.4201
45 170 31.6699
50 170 6.7946
55 170 11.7472
60 170 6.1970
65 170 5.3101
70 170 3.9095
75 170 5.4977
80 170 80.9681
85 170 2.1308
90 170 1.6516
95 170 2.0139
100 170 3.0761
105 170 37.9312
110 170 85.5360
115 170 0.0036
120 170 0.0063
125 170 0.0017
130 170 0.0071
135 170 0.0421
140 170 2.6502
145 170 4.8135
150 170 31.5489
155 170 0.2874
160 170 0.0478
165 170 1.4535
170 170 0.2458
10 175 5.7853
15 175 4.4842
20 175 4.8339
25 175 100.9343
30 175 7.2729
35 175 8.1262
40 175 8.9576
45 175 8.5726
50 175 8.5091
55 175 33.7810
60 175 9.4733
65 175 78.2721
70 175 90.3925
75 175 3.5811
80 175 3.3296
85 175 1.7344
90 175 1.1658
95 175 1.1107
100 175 14.0906
105 175 5.5824
110 175 6.4804
115 175 0.1087
120 175 0.0077
125 175 2.3993
130 175 0.0102
135 175 20.7840
140 175 0.2706
145 175 15.0909
150 175 0.0356
155 175 0.0309
160 175 3.6829
165 175 0.0214
170 175 0.2199
