10 -180 21.1633
15 -180 11.8258
20 -180 2.2127
25 -180 2.0578
30 -180 24.5478
35 -180 1.8170
40 -180 1.7761
45 -180 1.8401
50 -180 2.0888
55 -180 2.8304
60 -180 3.4977
65 -180 5.8032
70 -180 8.7150
75 -180 98.0490
80 -180 13.8006
85 -180 150.7963
90 -180 40.6960
95 -180 93.9672
100 -180 74.3009
105 -180 28.9380
110 -180 18.9180
115 -180 17.3048
120 -180 25.3845
125 -180 22.5298
130 -180 117.0470
135 -180 0.7616
140 -180 0.8542
145 -180 0.1479
150 -180 0.1931
155 -180 0.2548
160 -180 3.0875
165 -180 0.0432
170 -180 25.7089
10 -175 3.1448
15 -175 2.9070
20 -175 2.9721
25 -175 2.4407
30 -175 2.1334
35 -175 1.9914
40 -175 1.9084
45 -175 1.9869
50 -175 285.7766
55 -175 2.2319
60 -175 2.4372
65 -175 2.6350
70 -175 3.7917
75 -175 2.3899
80 -175 7.5281
85 -175 14.5652
90 -175 20.5554
95 -175 47.6614
100 -175 16.8891
105 -175 15.6491
110 -175 14.9950
115 -175 16.6166
120 -175 16.3973
125 -175 12.9211
130 -175 15.9294
135 -175 78.0992
140 -175 10.6112
145 -175 0.4712
150 -175 0.4015
155 -175 9.8801
160 -175 0.0749
165 -175 0.1363
170 -175 0.8043
10 -170 3.3718
15 -170 3.1337
20 -170 2.7603
25 -170 2.5245
30 -170 2.2540
35 -170 2.0159
40 -170 2.0930
45 -170 5.6514
50 -170 2.2508
55 -170 2.4579
60 -170 2.6492
65 -170 2.6481
70 -170 3.0657
75 -170 5.4096
80 -170 13.4180
85 -170 12.3050
90 -170 9.8362
95 -170 204.0282
100 -170 15.8783
105 -170 18.2164
110 -170 15.4708
115 -170 17.7338
120 -170 16.6851
125 -170 19.1824
130 -170 21.7512
135 -170 27.3623
140 -170 31.8668
145 -170 8.9797
150 -170 0.7914
155 -170 0.5356
160 -170 23.1041
165 -170 6.3165
170 -170 1.4653
10 -165 13.0730
15 -165 3.3157
20 -165 2.8688
25 -165 2.5455
30 -165 2.2724
35 -165 2.0571
40 -165 2.1251
45 -165 2.2643
50 -165 2.4070
55 -165 2.5716
60 -165 2.8981
65 -165 5.0831
70 -165 3.2831
75 -165 3.2286
80 -165 4.2803
85 -165 56.2597
90 -165 6.6372
95 -165 17.2129
100 -165 19.5494
105 -165 19.3640
110 -165 23.4695
115 -165 26.7838
120 -165 28.5474
125 -165 62.9849
130 -165 24.1868
135 -165 29.3490
140 -165 33.1127
145 -165 31.5885
150 -165 31.0396
155 -165 4.7169
160 -165 1.9602
165 -165 4.6102
170 -165 59.2250
10 -160 3.9385
15 -160 3.4849
20 -160 2.9913
25 -160 2.7759
30 -160 2.3400
35 -160 2.1323
40 -160 2.1887
45 -160 2.3582
50 -160 2.5924
55 -160 2.8111
60 -160 3.1090
65 -160 3.2449
70 -160 5.0405
75 -160 5.0845
80 -160 4.3803
85 -160 5.0744
90 -160 31.4276
95 -160 6.4008
100 -160 8.4579
105 -160 16.1974
110 -160 37.7105
115 -160 38.7069
120 -160 38.5214
125 -160 23.2723
130 -160 23.2606
135 -160 20.6382
140 -160 25.8631
145 -160 30.4402
150 -160 36.6843
155 -160 116.4083
160 -160 13.0648
165 -160 11.4378
170 -160 5.0928
10 -155 4.2203
15 -155 3.6283
20 -155 242.1759
25 -155 2.8057
30 -155 2.5404
35 -155 2.2113
40 -155 2.3054
45 -155 2.5432
50 -155 3.1978
55 -155 3.3599
60 -155 6.5583
65 -155 4.1577
70 -155 4.6668
75 -155 31.3013
80 -155 9.0771
85 -155 8.7082
90 -155 7.3813
95 -155 7.3432
100 -155 7.0262
105 -155 17.8140
110 -155 43.9508
115 -155 49.4571
120 -155 46.4838
125 -155 25.8381
130 -155 21.4346
135 -155 21.1984
140 -155 17.6037
145 -155 26.9578
150 -155 21.9681
155 -155 32.9485
160 -155 20.4024
165 -155 20.9312
170 -155 14.9586
10 -150 4.8705
15 -150 4.0873
20 -150 77.6778
25 -150 257.5680
30 -150 2.9108
35 -150 2.3286
40 -150 2.4130
45 -150 2.7349
50 -150 3.3332
55 -150 4.2892
60 -150 4.9486
65 -150 5.3718
70 -150 5.8267
75 -150 7.1566
80 -150 153.1725
85 -150 30.0815
90 -150 9.2643
95 -150 10.0732
100 -150 31.7235
105 -150 43.0011
110 -150 94.0855
115 -150 250.8997
120 -150 65.7354
125 -150 22.6884
130 -150 20.0146
135 -150 18.5589
140 -150 35.0255
145 -150 19.9669
150 -150 24.9429
155 -150 52.0176
160 -150 33.3274
165 -150 25.3563
170 -150 18.5335
10 -145 4.9402
15 -145 4.3785
20 -145 11.5261
25 -145 5.5890
30 -145 198.5324
35 -145 2.5870
40 -145 2.6818
45 -145 3.2136
50 -145 3.9182
55 -145 4.5692
60 -145 4.8322
65 -145 5.1714
70 -145 26.8313
75 -145 7.8031
80 -145 13.0437
85 -145 17.1942
90 -145 21.3262
95 -145 14.0284
100 -145 11.9733
105 -145 11.0550
110 -145 9.6069
115 -145 11.2649
120 -145 15.2369
125 -145 18.7596
130 -145 24.2328
135 -145 15.7689
140 -145 14.0687
145 -145 14.8430
150 -145 14.8716
155 -145 16.6853
160 -145 13.8279
165 -145 33.6191
170 -145 220.8975
10 -140 4.8398
15 -140 4.5934
20 -140 4.1594
25 -140 172.8427
30 -140 9.5444
35 -140 2.5911
40 -140 2.6569
45 -140 3.2268
50 -140 3.8511
55 -140 4.0476
60 -140 3.9106
65 -140 4.2104
70 -140 4.6925
75 -140 5.0452
80 -140 5.3773
85 -140 7.2105
90 -140 10.8451
95 -140 9.3796
100 -140 11.7094
105 -140 6.5154
110 -140 6.1804
115 -140 6.0860
120 -140 6.4763
125 -140 5.2327
130 -140 5.8223
135 -140 6.7554
140 -140 6.8184
145 -140 6.3898
150 -140 13.2153
155 -140 12.1241
160 -140 13.1035
165 -140 19.5366
170 -140 96.6669
10 -135 4.6345
15 -135 4.4972
20 -135 4.4012
25 -135 4.7040
30 -135 3.9058
35 -135 2.1607
40 -135 1.8693
45 -135 1.9327
50 -135 2.2327
55 -135 2.3226
60 -135 2.0585
65 -135 2.2471
70 -135 1.9446
75 -135 15.7333
80 -135 2.9265
85 -135 3.9894
90 -135 5.0381
95 -135 4.8648
100 -135 4.4158
105 -135 4.4837
110 -135 4.1860
115 -135 5.5072
120 -135 4.4174
125 -135 5.0836
130 -135 1.9019
135 -135 2.0999
140 -135 2.5758
145 -135 2.9608
150 -135 3.9061
155 -135 9.6996
160 -135 10.7359
165 -135 17.5442
170 -135 27.8575
10 -130 4.8088
15 -130 4.4853
20 -130 4.3564
25 -130 4.8951
30 -130 3.5895
35 -130 1.7772
40 -130 1.4306
45 -130 1.4115
50 -130 1.5346
55 -130 1.5231
60 -130 1.4925
65 -130 1.4499
70 -130 1.5619
75 -130 1.5286
80 -130 2.0419
85 -130 3.9396
90 -130 4.4892
95 -130 4.8455
100 -130 27.7608
105 -130 5.7688
110 -130 5.6055
115 -130 5.0413
120 -130 4.2681
125 -130 4.5914
130 -130 1.4853
135 -130 1.4131
140 -130 2.3606
145 -130 1.8559
150 -130 1.8271
155 -130 7.8228
160 -130 8.9681
165 -130 13.5717
170 -130 21.0935
10 -125 4.6403
15 -125 4.1463
20 -125 5.0628
25 -125 5.3105
30 -125 3.0411
35 -125 1.5292
40 -125 1.3482
45 -125 1.3872
50 -125 1.5208
55 -125 1.4877
60 -125 1.4696
65 -125 1.3606
70 -125 1.1250
75 -125 0.9871
80 -125 2.2239
85 -125 4.1924
90 -125 4.1749
95 -125 4.8015
100 -125 4.9871
105 -125 6.9946
110 -125 7.4323
115 -125 17.9840
120 -125 7.4346
125 -125 2.2565
130 -125 0.3194
135 -125 1.6122
140 -125 1.1926
145 -125 1.0771
150 -125 0.9445
155 -125 3.2301
160 -125 5.2216
165 -125 594.2706
170 -125 21.1915
10 -120 4.1878
15 -120 4.0326
20 -120 8.0818
25 -120 3.6453
30 -120 2.2458
35 -120 1.4208
40 -120 1.3353
45 -120 1.3636
50 -120 1.3932
55 -120 1.3753
60 -120 85.1758
65 -120 0.6502
70 -120 0.7581
75 -120 2.0369
80 -120 3.4781
85 -120 3.9983
90 -120 4.2478
95 -120 5.1666
100 -120 5.0516
105 -120 5.1108
110 -120 5.0903
115 -120 5.3187
120 -120 11.0516
125 -120 6.1504
130 -120 0.8779
135 -120 1.7335
140 -120 1.1553
145 -120 35.8403
150 -120 0.3867
155 -120 28.8047
160 -120 3.0647
165 -120 74.6334
170 -120 15.7070
10 -115 3.9150
15 -115 3.9215
20 -115 4.0079
25 -115 4.6590
30 -115 2.2955
35 -115 1.5050
40 -115 1.3614
45 -115 1.3378
50 -115 31.6153
55 -115 1.1844
60 -115 0.6543
65 -115 0.6204
70 -115 11.2646
75 -115 3.9736
80 -115 4.3770
85 -115 5.2162
90 -115 5.9513
95 -115 6.8394
100 -115 6.9445
105 -115 6.8892
110 -115 6.4235
115 -115 5.9448
120 -115 5.7842
125 -115 5.8254
130 -115 5.7077
135 -115 1.0156
140 -115 0.7818
145 -115 0.2198
150 -115 0.1447
155 -115 0.5146
160 -115 2.5014
165 -115 9.2918
170 -115 11.7668
10 -110 4.5555
15 -110 6.3137
20 -110 6.9559
25 -110 11.9254
30 -110 10.4841
35 -110 17.2908
40 -110 1.7133
45 -110 1.7647
50 -110 2.8913
55 -110 0.6306
60 -110 0.4989
65 -110 3.3543
70 -110 4.7551
75 -110 5.9265
80 -110 6.6020
85 -110 7.2573
90 -110 7.8403
95 -110 42.4033
100 -110 8.1539
105 -110 7.8668
110 -110 7.7431
115 -110 7.1646
120 -110 6.8515
125 -110 6.7285
130 -110 7.4159
135 -110 5.5521
140 -110 0.4910
145 -110 10.4491
150 -110 0.0643
155 -110 0.3475
160 -110 1.6606
165 -110 3.9506
170 -110 6.5760
10 -105 6.4022
15 -105 7.5547
20 -105 16.4376
25 -105 12.3254
30 -105 10.4980
35 -105 6.0759
40 -105 4.3728
45 -105 3.7138
50 -105 0.9621
55 -105 0.7239
60 -105 1.6211
65 -105 5.3406
70 -105 9.4258
75 -105 6.8029
80 -105 7.7931
85 -105 8.3227
90 -105 8.9964
95 -105 8.7059
100 -105 8.5853
105 -105 8.3306
110 -105 14.0223
115 -105 7.6406
120 -105 7.5254
125 -105 11.3464
130 -105 7.9448
135 -105 8.4113
140 -105 3.9960
145 -105 1.9451
150 -105 0.0120
155 -105 0.1877
160 -105 1.2490
165 -105 9.5727
170 -105 5.5268
10 -100 8.4822
15 -100 7.8193
20 -100 10.7428
25 -100 9.3062
30 -100 7.5602
35 -100 5.9344
40 -100 5.3398
45 -100 4.8836
50 -100 2.2875
55 -100 1.8737
60 -100 4.6922
65 -100 6.8596
70 -100 6.9559
75 -100 7.2026
80 -100 8.1411
85 -100 8.4874
90 -100 8.8635
95 -100 9.0790
100 -100 9.1892
105 -100 11.6471
110 -100 11.1704
115 -100 11.2230
120 -100 10.0218
125 -100 9.2298
130 -100 8.3988
135 -100 7.5610
140 -100 4.6387
145 -100 0.4555
150 -100 0.0208
155 -100 47.9438
160 -100 0.4822
165 -100 15.0326
170 -100 5.1442
10 -95 7.4911
15 -95 8.1785
20 -95 8.9583
25 -95 35.8392
30 -95 7.3697
35 -95 6.4570
40 -95 9.7082
45 -95 5.2732
50 -95 6.3567
55 -95 106.7326
60 -95 5.1376
65 -95 6.2360
70 -95 6.9521
75 -95 9.0323
80 -95 9.4004
85 -95 10.6413
90 -95 10.8327
95 -95 10.6487
100 -95 10.8618
105 -95 10.1283
110 -95 8.5724
115 -95 7.5182
120 -95 7.2281
125 -95 7.3573
130 -95 7.5506
135 -95 7.2690
140 -95 8.1499
145 -95 8.2868
150 -95 0.0998
155 -95 0.1104
160 -95 0.2291
165 -95 0.9827
170 -95 4.6134
10 -90 7.7558
15 -90 8.7221
20 -90 8.5368
25 -90 8.7103
30 -90 7.8567
35 -90 6.9870
40 -90 6.3425
45 -90 5.8221
50 -90 5.4330
55 -90 6.8447
60 -90 5.1234
65 -90 5.6336
70 -90 81.1500
75 -90 9.7525
80 -90 8.1109
85 -90 1.6183
90 -90 2.9596
95 -90 11.5953
100 -90 9.3307
105 -90 6.8716
110 -90 5.7878
115 -90 4.9711
120 -90 5.2147
125 -90 6.2620
130 -90 7.4522
135 -90 8.4457
140 -90 12.6473
145 -90 9.3370
150 -90 0.7002
155 -90 0.2947
160 -90 0.4117
165 -90 1.2672
170 -90 5.0227
10 -85 7.2450
15 -85 8.0921
20 -85 8.5582
25 -85 8.8945
30 -85 8.4008
35 -85 7.6198
40 -85 7.1775
45 -85 6.4354
50 -85 5.7470
55 -85 4.8144
60 -85 3.8012
65 -85 2.9821
70 -85 2.6486
75 -85 13.4372
80 -85 0.0072
85 -85 0.0062
90 -85 10.9612
95 -85 1.4460
100 -85 4.7428
105 -85 4.6089
110 -85 4.2596
115 -85 3.9180
120 -85 2.5099
125 -85 0.4346
130 -85 5.3094
135 -85 10.9865
140 -85 14.8969
145 -85 12.1972
150 -85 13.3515
155 -85 0.5454
160 -85 0.4069
165 -85 0.9492
170 -85 3.7447
10 -80 7.1037
15 -80 7.8622
20 -80 8.6376
25 -80 9.2237
30 -80 9.6743
35 -80 8.2887
40 -80 7.7621
45 -80 7.1818
50 -80 6.1421
55 -80 4.4735
60 -80 2.9597
65 -80 2.0252
70 -80 1.6653
75 -80 0.7158
80 -80 0.0523
85 -80 0.0279
90 -80 0.6744
95 -80 3.2733
100 -80 3.2854
105 -80 12.6577
110 -80 2.1810
115 -80 3.6134
120 -80 0.5079
125 -80 0.1518
130 -80 1.7792
135 -80 7.8649
140 -80 17.2314
145 -80 12.9510
150 -80 1.9896
155 -80 4.9200
160 -80 0.4403
165 -80 0.9777
170 -80 3.9528
10 -75 6.9134
15 -75 7.7876
20 -75 8.2475
25 -75 9.6456
30 -75 9.7784
35 -75 8.7468
40 -75 8.4206
45 -75 7.9576
50 -75 6.7168
55 -75 4.9680
60 -75 3.0325
65 -75 2.5046
70 -75 2.9425
75 -75 3.6225
80 -75 3.8593
85 -75 3.9525
90 -75 3.9047
95 -75 4.3884
100 -75 6.2485
105 -75 1.4385
110 -75 1.0523
115 -75 97.5391
120 -75 3.4641
125 -75 0.8577
130 -75 2.3963
135 -75 7.7906
140 -75 14.1211
145 -75 18.7504
150 -75 3.6592
155 -75 24.7265
160 -75 0.9321
165 -75 1.6596
170 -75 6.8575
10 -70 6.6997
15 -70 7.3327
20 -70 8.2052
25 -70 9.0749
30 -70 10.2888
35 -70 10.6862
40 -70 9.0922
45 -70 8.7408
50 -70 7.5969
55 -70 7.6173
60 -70 3.6098
65 -70 3.1354
70 -70 4.7204
75 -70 4.2674
80 -70 32.1268
85 -70 333.4826
90 -70 75.3717
95 -70 0.4466
100 -70 205.5354
105 -70 0.1902
110 -70 0.2456
115 -70 55.2897
120 -70 0.7233
125 -70 1.5151
130 -70 68.9599
135 -70 7.5645
140 -70 189.2655
145 -70 4.7720
150 -70 7.7581
155 -70 27.9216
160 -70 2.5027
165 -70 2.8699
170 -70 6.4911
10 -65 6.2590
15 -65 7.7238
20 -65 11.6703
25 -65 8.6000
30 -65 36.0954
35 -65 11.9548
40 -65 11.2428
45 -65 1456.7062
50 -65 9.0025
55 -65 27.2779
60 -65 5.4676
65 -65 4.0033
70 -65 3.0932
75 -65 5.8559
80 -65 3.1903
85 -65 2.5972
90 -65 1.1439
95 -65 0.1406
100 -65 0.0732
105 -65 0.1623
110 -65 0.2190
115 -65 0.3470
120 -65 45.9982
125 -65 88.9248
130 -65 26.2486
135 -65 6.9834
140 -65 1.6648
145 -65 1.6621
150 -65 13.4302
155 -65 65.6728
160 -65 3.9286
165 -65 3.9806
170 -65 6.7132
10 -60 5.8258
15 -60 9.9939
20 -60 7.8429
25 -60 8.0798
30 -60 10.3224
35 -60 12.0171
40 -60 126.9349
45 -60 32.1443
50 -60 91.6338
55 -60 27.4925
60 -60 26.3474
65 -60 22.4886
70 -60 12.4798
75 -60 27.7916
80 -60 8.5174
85 -60 6.1655
90 -60 8.4988
95 -60 0.7270
100 -60 3.2815
105 -60 29.2677
110 -60 5.5747
115 -60 0.8831
120 -60 3.3653
125 -60 17.1956
130 -60 0.5839
135 -60 0.4990
140 -60 0.4763
145 -60 1.3981
150 -60 14.0858
155 -60 25.0263
160 -60 5.0405
165 -60 5.4860
170 -60 9.2408
10 -55 5.3988
15 -55 6.8480
20 -55 7.4158
25 -55 15.2759
30 -55 8.5910
35 -55 9.9530
40 -55 86.9255
45 -55 12.6581
50 -55 26.8329
55 -55 28.6996
60 -55 20.2896
65 -55 222.9441
70 -55 16.4119
75 -55 15.2900
80 -55 22.7446
85 -55 15.0432
90 -55 68.4755
95 -55 46.7118
100 -55 2.7891
105 -55 1.2347
110 -55 0.5255
115 -55 1.1790
120 -55 0.1874
125 -55 0.4440
130 -55 0.2019
135 -55 0.4614
140 -55 1.0317
145 -55 2.3147
150 -55 41.9809
155 -55 14.8160
160 -55 136.2569
165 -55 7.6698
170 -55 11.1364
10 -50 4.4572
15 -50 5.7204
20 -50 6.5441
25 -50 7.1957
30 -50 9.9603
35 -50 9.3689
40 -50 10.2760
45 -50 12.4153
50 -50 13.7066
55 -50 16.4710
60 -50 21.0337
65 -50 29.6674
70 -50 32.9370
75 -50 36.6155
80 -50 34.9045
85 -50 38.7987
90 -50 36.4178
95 -50 32.8459
100 -50 44.1631
105 -50 38.0687
110 -50 5.9238
115 -50 5.9613
120 -50 0.4684
125 -50 0.5133
130 -50 46.7695
135 -50 0.9848
140 -50 99.5861
145 -50 3.0439
150 -50 6.7581
155 -50 8.5515
160 -50 12.5744
165 -50 9.1320
170 -50 10.4711
10 -45 2.0949
15 -45 4.5448
20 -45 10.8811
25 -45 6.8227
30 -45 7.5468
35 -45 8.7118
40 -45 10.2301
45 -45 36.6978
50 -45 17.7107
55 -45 21.1830
60 -45 31.6520
65 -45 31.8236
70 -45 32.5830
75 -45 31.6743
80 -45 36.8921
85 -45 39.6224
90 -45 39.0410
95 -45 46.7134
100 -45 48.8879
105 -45 13.6700
110 -45 1.9082
115 -45 0.5215
120 -45 0.3934
125 -45 0.5755
130 -45 9.1924
135 -45 2.4980
140 -45 1.3327
145 -45 2.0420
150 -45 6.2516
155 -45 5.3051
160 -45 8.1510
165 -45 229.4280
170 -45 11.6449
10 -40 0.7759
15 -40 1.9356
20 -40 4.0233
25 -40 111.4391
30 -40 7.6552
35 -40 8.0519
40 -40 9.6709
45 -40 15.1860
50 -40 17.8246
55 -40 24.2259
60 -40 35.4980
65 -40 37.8069
70 -40 32.5722
75 -40 37.2846
80 -40 48.2849
85 -40 38.6417
90 -40 32.1716
95 -40 30.3982
100 -40 29.1836
105 -40 26.8752
110 -40 12.5092
115 -40 4.1543
120 -40 4.3178
125 -40 30.8841
130 -40 16.7090
135 -40 37.3025
140 -40 1.3740
145 -40 1.5352
150 -40 52.8959
155 -40 4.9232
160 -40 8.0194
165 -40 42.3453
170 -40 11.6204
10 -35 1.1267
15 -35 0.5149
20 -35 53.6192
25 -35 2.9477
30 -35 5.3629
35 -35 7.0386
40 -35 8.3677
45 -35 11.0458
50 -35 13.8228
55 -35 24.6141
60 -35 25.8081
65 -35 35.9428
70 -35 31.1926
75 -35 30.0462
80 -35 30.1963
85 -35 30.0745
90 -35 28.2417
95 -35 34.4648
100 -35 27.4453
105 -35 27.8797
110 -35 35.0000
115 -35 28.0447
120 -35 6.8096
125 -35 1.2967
130 -35 1.3623
135 -35 6.5979
140 -35 6.8776
145 -35 47.9805
150 -35 2.7375
155 -35 4.6641
160 -35 12.5493
165 -35 16.1250
170 -35 18.2936
10 -30 0.0934
15 -30 12.5749
20 -30 0.3912
25 -30 0.7604
30 -30 1.7127
35 -30 5.7880
40 -30 6.5128
45 -30 8.6528
50 -30 11.9088
55 -30 19.1447
60 -30 45.7097
65 -30 26.7955
70 -30 26.0919
75 -30 30.0260
80 -30 56.3425
85 -30 56.8869
90 -30 51.8924
95 -30 33.8941
100 -30 31.5974
105 -30 27.7595
110 -30 27.0154
115 -30 33.0712
120 -30 14.5390
125 -30 4.0472
130 -30 2.9927
135 -30 74.1491
140 -30 3.3583
145 -30 1.4337
150 -30 3.4046
155 -30 16.3384
160 -30 11.9829
165 -30 13.5566
170 -30 11.5911
10 -25 0.0740
15 -25 0.1233
20 -25 0.0839
25 -25 0.5998
30 -25 5.1916
35 -25 1.1715
40 -25 3.3282
45 -25 5.4291
50 -25 7.5061
55 -25 8.6410
60 -25 11.9485
65 -25 13.3298
70 -25 33.8039
75 -25 30.6099
80 -25 33.8119
85 -25 33.3394
90 -25 33.6684
95 -25 32.6933
100 -25 31.1169
105 -25 28.5970
110 -25 40.4499
115 -25 31.3625
120 -25 5.3487
125 -25 88.4182
130 -25 90.1692
135 -25 52.8557
140 -25 1.9871
145 -25 2.4190
150 -25 14.7611
155 -25 5.9149
160 -25 14.6615
165 -25 9.4769
170 -25 47.3421
10 -20 0.1649
15 -20 0.3551
20 -20 0.0624
25 -20 0.0424
30 -20 0.2411
35 -20 0.3223
40 -20 1.8094
45 -20 3.5875
50 -20 9.6132
55 -20 49.8936
60 -20 5.5092
65 -20 6.4293
70 -20 9.9521
75 -20 27.6149
80 -20 32.5351
85 -20 33.4204
90 -20 34.1198
95 -20 33.6993
100 -20 32.1381
105 -20 51.1784
110 -20 29.5904
115 -20 73.5292
120 -20 11.5757
125 -20 9.5141
130 -20 1.5593
135 -20 1.6293
140 -20 1.7021
145 -20 6.6627
150 -20 2.0849
155 -20 4.2128
160 -20 30.2042
165 -20 10.4169
170 -20 3.2343
10 -15 0.4956
15 -15 0.3418
20 -15 6.1312
25 -15 0.0286
30 -15 0.0561
35 -15 0.1587
40 -15 0.7100
45 -15 1.3496
50 -15 4.1229
55 -15 6.1127
60 -15 6.0769
65 -15 6.3351
70 -15 7.9877
75 -15 30.5674
80 -15 38.3191
85 -15 33.0440
90 -15 33.9899
95 -15 35.5416
100 -15 32.3252
105 -15 31.6358
110 -15 29.9666
115 -15 28.6020
120 -15 2.4068
125 -15 0.8003
130 -15 0.6902
135 -15 0.6050
140 -15 0.6677
145 -15 0.7000
150 -15 1.4178
155 -15 282.4414
160 -15 7.3040
165 -15 7.9869
170 -15 1.1332
10 -10 1.1134
15 -10 16.1819
20 -10 0.2592
25 -10 0.0352
30 -10 0.0446
35 -10 0.0895
40 -10 0.3413
45 -10 45.9487
50 -10 150.8308
55 -10 3.5176
60 -10 4.2866
65 -10 7.0602
70 -10 8.7533
75 -10 14.7519
80 -10 25.5912
85 -10 28.6482
90 -10 39.0602
95 -10 34.0185
100 -10 50.0483
105 -10 33.5671
110 -10 20.2117
115 -10 10.2448
120 -10 133.1348
125 -10 1.6693
130 -10 0.3979
135 -10 0.3657
140 -10 0.2959
145 -10 0.2107
150 -10 0.3656
155 -10 2.4187
160 -10 5.5466
165 -10 6.2649
170 -10 2.4057
10 -5 2.4337
15 -5 55.7615
20 -5 0.5628
25 -5 12.3246
30 -5 0.1689
35 -5 0.0864
40 -5 0.6278
45 -5 1.2867
50 -5 3.0323
55 -5 3.2822
60 -5 3.6462
65 -5 2.5797
70 -5 3.2436
75 -5 18.5392
80 -5 0.3820
85 -5 0.2243
90 -5 1.8337
95 -5 7.3599
100 -5 29.0945
105 -5 10.1267
110 -5 12.8776
115 -5 12.7851
120 -5 9.1272
125 -5 2.4793
130 -5 0.5468
135 -5 0.3466
140 -5 0.3168
145 -5 0.1763
150 -5 0.0990
155 -5 0.2612
160 -5 2.0708
165 -5 55.8827
170 -5 2.4167
10 0 16.4342
15 0 3.0579
20 0 3.5409
25 0 0.4904
30 0 0.2669
35 0 0.2967
40 0 4.5107
45 0 12.1422
50 0 5.2682
55 0 6.4062
60 0 4.7333
65 0 8.8767
70 0 18.5228
75 0 2.8013
80 0 1.1171
85 0 1.1741
90 0 2.2429
95 0 40.8185
100 0 21.4699
105 0 9.9171
110 0 10.9233
115 0 13.2911
120 0 13.9593
125 0 10.8360
130 0 3.6892
135 0 0.8134
140 0 0.4577
145 0 0.1541
150 0 0.0442
155 0 0.0688
160 0 3.9516
165 0 1.4052
170 0 1.5233
10 5 4.1142
15 5 4.6811
20 5 4.5229
25 5 3.6561
30 5 1.0207
35 5 0.6744
40 5 1.6709
45 5 18.1937
50 5 22.0941
55 5 27.1220
60 5 19.4874
65 5 128.4438
70 5 26.0553
75 5 24.1282
80 5 64.6358
85 5 29.2717
90 5 18.7904
95 5 21.4668
100 5 16.2262
105 5 15.3081
110 5 17.9731
115 5 30.9469
120 5 23.2967
125 5 28.1205
130 5 32.0665
135 5 25.2005
140 5 139.1789
145 5 0.2045
150 5 0.0911
155 5 0.0368
160 5 0.1061
165 5 0.5746
170 5 1.0658
10 10 4.9250
15 10 20.0551
20 10 30.9595
25 10 5.5046
30 10 160.5679
35 10 11.2666
40 10 23.4518
45 10 24.9398
50 10 5362.0497
55 10 54.4709
60 10 108.2505
65 10 45.5290
70 10 68.4545
75 10 50.6271
80 10 49.1887
85 10 52.9747
90 10 48.7573
95 10 48.6922
100 10 44.5610
105 10 42.5255
110 10 36.9489
115 10 39.5686
120 10 48.3314
125 10 101.6521
130 10 51.5895
135 10 52.4178
140 10 9.9079
145 10 0.6185
150 10 0.6828
155 10 6.8993
160 10 0.1343
165 10 5.4184
170 10 0.6149
10 15 110.2302
15 15 7.4485
20 15 13.0187
25 15 25.1846
30 15 113.2934
35 15 72.8999
40 15 110.9233
45 15 39.3048
50 15 40.1466
55 15 76.2363
60 15 55.9312
65 15 81.3752
70 15 150.7693
75 15 212.9773
80 15 87.5624
85 15 102.0912
90 15 97.1445
95 15 77.5129
100 15 73.5476
105 15 68.7652
110 15 63.6748
115 15 60.9911
120 15 148.0163
125 15 185.0870
130 15 66.3220
135 15 73.7518
140 15 72.6638
145 15 7.7312
150 15 29.6629
155 15 1.1800
160 15 0.7308
165 15 0.4677
170 15 0.4836
10 20 6.8294
15 20 8.1982
20 20 12.4009
25 20 20.9449
30 20 20.2797
35 20 23.1457
40 20 62.7017
45 20 36.9420
50 20 44.7433
55 20 56.7078
60 20 201.8072
65 20 75.6377
70 20 96.0794
75 20 165.0677
80 20 121.0102
85 20 157.2511
90 20 151.6944
95 20 119.0911
100 20 114.6230
105 20 96.2483
110 20 87.2941
115 20 90.6480
120 20 82.4275
125 20 83.3346
130 20 82.6019
135 20 89.1645
140 20 60.6409
145 20 5.7633
150 20 2.6982
155 20 3.2229
160 20 14.9021
165 20 1.8283
170 20 1.7307
10 25 7.3961
15 25 11.9324
20 25 31.3564
25 25 28.6128
30 25 90.6770
35 25 137.7667
40 25 34.1068
45 25 62.9263
50 25 47.3145
55 25 62.5730
60 25 107.6135
65 25 93.5801
70 25 116.3621
75 25 106.3043
80 25 135.0578
85 25 140.4260
90 25 155.6454
95 25 134.4917
100 25 128.5548
105 25 96.3107
110 25 240.2229
115 25 104.3281
120 25 128.7606
125 25 78.5394
130 25 122.5604
135 25 140.4899
140 25 39.2825
145 25 6.0088
150 25 3.2153
155 25 2.7164
160 25 1.8865
165 25 1.7625
170 25 2.0321
10 30 120.5921
15 30 16.9603
20 30 190.6871
25 30 185.9809
30 30 319.2312
35 30 29.3015
40 30 34.9715
45 30 40.6340
50 30 51.2721
55 30 140.9098
60 30 65.0683
65 30 78.7863
70 30 89.1367
75 30 105.8539
80 30 113.5037
85 30 121.0710
90 30 156.8680
95 30 122.8724
100 30 138.9246
105 30 123.8918
110 30 87.1247
115 30 81.7531
120 30 81.1469
125 30 201.2233
130 30 67.5671
135 30 87.2597
140 30 30.7280
145 30 2.4082
150 30 2.1474
155 30 2.0719
160 30 2.1414
165 30 24.0688
170 30 1.6298
10 35 19.8258
15 35 13.0542
20 35 16.0280
25 35 18.7888
30 35 23.7145
35 35 28.7562
40 35 33.2122
45 35 37.3717
50 35 44.4320
55 35 50.8274
60 35 101.3459
65 35 70.3404
70 35 89.0037
75 35 96.2167
80 35 94.4335
85 35 91.1974
90 35 5332.1472
95 35 114.1350
100 35 111.5551
105 35 108.8131
110 35 78.8234
115 35 74.2735
120 35 77.9481
125 35 74.6899
130 35 77.5156
135 35 42.3569
140 35 8.7747
145 35 2.2576
150 35 2.6199
155 35 2.5068
160 35 4.6220
165 35 2.0739
170 35 2.1418
10 40 9.1998
15 40 12.9492
20 40 15.7796
25 40 18.1049
30 40 22.8010
35 40 26.7153
40 40 31.6205
45 40 33.8528
50 40 38.6523
55 40 45.9074
60 40 49.6195
65 40 54.6527
70 40 61.6202
75 40 63.7575
80 40 62.2444
85 40 60.3757
90 40 61.0685
95 40 61.9742
100 40 83.4349
105 40 117.8832
110 40 150.0290
115 40 125.8687
120 40 16.1516
125 40 4.0475
130 40 17.5947
135 40 2.2228
140 40 1.6149
145 40 1.9371
150 40 3.9053
155 40 2.7192
160 40 2.7499
165 40 2.3251
170 40 2.2436
10 45 8.8219
15 45 13.8692
20 45 14.9487
25 45 17.2312
30 45 72.2087
35 45 25.4160
40 45 26.7369
45 45 29.9356
50 45 30.6353
55 45 32.9760
60 45 35.4971
65 45 38.7437
70 45 32.8132
75 45 32.1133
80 45 33.2175
85 45 65.9717
90 45 45.0450
95 45 51.1980
100 45 45.2795
105 45 69.6480
110 45 89.8685
115 45 197.5997
120 45 5.5750
125 45 0.7568
130 45 0.5056
135 45 1.0899
140 45 17.2813
145 45 0.9089
150 45 2.3611
155 45 1.9357
160 45 339.2374
165 45 2.4089
170 45 2.1933
10 50 8.2505
15 50 11.1549
20 50 13.4992
25 50 68.8447
30 50 17.5208
35 50 54.1882
40 50 20.2736
45 50 18.9657
50 50 16.8915
55 50 19.1620
60 50 18.1159
65 50 16.4792
70 50 15.7105
75 50 14.4744
80 50 61.8777
85 50 8.2498
90 50 22.3532
95 50 21.5872
100 50 36.4137
105 50 36.5539
110 50 59.5255
115 50 93.4950
120 50 72.0690
125 50 2.6822
130 50 0.6835
135 50 0.4637
140 50 1.1654
145 50 1.0561
150 50 1.1467
155 50 1.5072
160 50 2.2198
165 50 2.9373
170 50 17.3994
10 55 6.9668
15 55 11.5620
20 55 10.1129
25 55 10.9955
30 55 16.0868
35 55 11.1020
40 55 10.2005
45 55 9.8871
50 55 11.7470
55 55 10.4401
60 55 9.6287
65 55 8.6519
70 55 1.0672
75 55 8.6562
80 55 0.9344
85 55 0.9408
90 55 1.7207
95 55 1.5411
100 55 1.5109
105 55 2.5918
110 55 6.7509
115 55 3.5452
120 55 2.8506
125 55 8.2678
130 55 1.1407
135 55 0.6728
140 55 0.7731
145 55 1.8226
150 55 0.9652
155 55 1.3530
160 55 1.7771
165 55 2.8218
170 55 2.8932
10 60 6.0815
15 60 95.5238
20 60 8.1518
25 60 8.2606
30 60 70.7687
35 60 6.9869
40 60 7.4256
45 60 7.4201
50 60 7.5821
55 60 4.9462
60 60 2.6985
65 60 0.3568
70 60 0.9577
75 60 3.5433
80 60 2.7345
85 60 3.5790
90 60 2.4104
95 60 0.9902
100 60 7.8295
105 60 0.7328
110 60 4.9900
115 60 3.9978
120 60 1.7834
125 60 1.2069
130 60 22.6983
135 60 0.6452
140 60 542.0244
145 60 1.0669
150 60 1.4998
155 60 0.8320
160 60 1.4985
165 60 2.5497
170 60 3.6758
10 65 5.5124
15 65 6.0071
20 65 6.9449
25 65 7.5960
30 65 5.7500
35 65 5.5406
40 65 76.4323
45 65 58.6593
50 65 1.2961
55 65 0.9019
60 65 7.2821
65 65 1.4783
70 65 281.6911
75 65 6.2730
80 65 6.7600
85 65 6.1193
90 65 9.6419
95 65 2.0088
100 65 3.2905
105 65 2.2728
110 65 4.1704
115 65 5.4464
120 65 340.5337
125 65 0.6471
130 65 0.3756
135 65 18.2674
140 65 1.7772
145 65 92.7434
150 65 0.9692
155 65 14.2032
160 65 15.2521
165 65 2.2151
170 65 3.6008
10 70 5.2374
15 70 5.4097
20 70 5.7914
25 70 5.4016
30 70 5.1839
35 70 20.9324
40 70 54.3175
45 70 10.1632
50 70 2.2737
55 70 1.2538
60 70 2.8134
65 70 146.7642
70 70 16.0678
75 70 6.4145
80 70 14.2160
85 70 5.5268
90 70 87.7585
95 70 22.7058
100 70 2929.9186
105 70 1.4429
110 70 1.5152
115 70 151.6992
120 70 5.1007
125 70 0.9244
130 70 1.6387
135 70 1.7341
140 70 0.1709
145 70 0.3271
150 70 2.5128
155 70 5.8856
160 70 42.3798
165 70 134.9274
170 70 7.1816
10 75 4.4224
15 75 5.9604
20 75 6.1598
25 75 4.9880
30 75 5.0195
35 75 5.7560
40 75 7.5324
45 75 2.7895
50 75 2.1480
55 75 1.3554
60 75 6.2219
65 75 2.8994
70 75 3.0737
75 75 78.1668
80 75 2.2581
85 75 19.5964
90 75 6.1964
95 75 1.0059
100 75 51.5684
105 75 1.4136
110 75 13.3232
115 75 0.7366
120 75 4.1364
125 75 7.9291
130 75 7.0581
135 75 0.0960
140 75 0.5418
145 75 1.4689
150 75 2.4112
155 75 5.4346
160 75 11.1167
165 75 281.8404
170 75 14.1503
10 80 3.8527
15 80 4.2441
20 80 4.6603
25 80 4.4760
30 80 3.5021
35 80 37.0770
40 80 59.5161
45 80 2.6721
50 80 2.1905
55 80 2.8144
60 80 4.3670
65 80 1.7836
70 80 161.3884
75 80 156.1169
80 80 0.1908
85 80 0.2274
90 80 21.2847
95 80 1.1380
100 80 178.9617
105 80 12.4590
110 80 2.0974
115 80 0.4340
120 80 0.3780
125 80 0.2397
130 80 0.5399
135 80 72.5034
140 80 0.0951
145 80 143.4896
150 80 3.2445
155 80 6.8167
160 80 12.3370
165 80 12.3145
170 80 14.1658
10 85 4.9222
15 85 109.2937
20 85 3.9265
25 85 3.7140
30 85 2.7376
35 85 2.7628
40 85 2.6346
45 85 5.0739
50 85 2.1162
55 85 2.0638
60 85 3.0647
65 85 0.5633
70 85 0.0840
75 85 126.5586
80 85 0.0852
85 85 0.1995
90 85 27.5941
95 85 0.5621
100 85 0.4700
105 85 5.6806
110 85 3.6231
115 85 505.6443
120 85 1964.5784
125 85 112.7930
130 85 0.6841
135 85 0.0355
140 85 2.8959
145 85 142.4121
150 85 2.2206
155 85 5.8076
160 85 21.3524
165 85 13.7766
170 85 13.5196
10 90 8.8086
15 90 3.2537
20 90 3.2318
25 90 2.6382
30 90 2.5003
35 90 2.4307
40 90 2.1226
45 90 1.9675
50 90 24.3381
55 90 63.4364
60 90 29.1312
65 90 297.1152
70 90 8.7885
75 90 4.1181
80 90 8.7449
85 90 1.6344
90 90 0.9826
95 90 0.9577
100 90 2.5898
105 90 8.5298
110 90 2.2401
115 90 1.1805
120 90 17.4440
125 90 0.1311
130 90 0.0388
135 90 0.0179
140 90 38.5002
145 90 7.8111
150 90 1.0942
155 90 71.5114
160 90 12.5279
165 90 11.3190
170 90 13.5134
10 95 2.5264
15 95 2.7013
20 95 2.6220
25 95 2.2945
30 95 2.1993
35 95 1.7019
40 95 1.0304
45 95 1.2902
50 95 1.8544
55 95 5.0562
60 95 7.2699
65 95 12.6764
70 95 66.9100
75 95 24.5502
80 95 22.0488
85 95 6.5922
90 95 1.6210
95 95 0.6424
100 95 55.1722
105 95 2.2087
110 95 561.7291
115 95 0.1097
120 95 117.2600
125 95 0.2977
130 95 21.5798
135 95 0.0775
140 95 0.0403
145 95 6.5142
150 95 0.1793
155 95 3.5844
160 95 13.4537
165 95 14.0104
170 95 12.8747
10 100 28.8163
15 100 1.5280
20 100 1.5630
25 100 1.9636
30 100 1.5206
35 100 0.8576
40 100 1.0267
45 100 4.7855
50 100 18.7678
55 100 15.7583
60 100 19.1035
65 100 34.5816
70 100 23.1096
75 100 28.7713
80 100 113.4683
85 100 49.2539
90 100 18.6185
95 100 3.5296
100 100 3.8359
105 100 0.7549
110 100 1.0868
115 100 52.4962
120 100 2.5853
125 100 1.7384
130 100 0.3573
135 100 0.7592
140 100 0.1450
145 100 9.2458
150 100 0.2164
155 100 2.1416
160 100 11.8850
165 100 11.4529
170 100 11.0510
10 105 0.5923
15 105 0.4911
20 105 0.7445
25 105 1.4363
30 105 0.7674
35 105 0.4484
40 105 4.5315
45 105 14.1965
50 105 46.3956
55 105 30.0274
60 105 33.8922
65 105 23.2056
70 105 55.7913
75 105 29.5336
80 105 27.1108
85 105 141.0772
90 105 29.4589
95 105 27.6900
100 105 140.6185
105 105 24.9449
110 105 2.6876
115 105 1.0287
120 105 5.1062
125 105 0.8076
130 105 1.4919
135 105 0.3145
140 105 0.1962
145 105 15.4165
150 105 43.1175
155 105 1.5306
160 105 80.8052
165 105 11.4768
170 105 102.4393
10 110 0.1222
15 110 0.0759
20 110 0.2703
25 110 0.7724
30 110 0.3302
35 110 0.6445
40 110 59.9502
45 110 14.1870
50 110 17.3222
55 110 33.6596
60 110 42.1362
65 110 182.0718
70 110 40.6516
75 110 41.9159
80 110 38.1042
85 110 323.1823
90 110 35.1411
95 110 36.3949
100 110 48.6051
105 110 26.9157
110 110 20.0286
115 110 21.2408
120 110 13.3693
125 110 2.1815
130 110 4.0567
135 110 0.5322
140 110 0.3527
145 110 0.2587
150 110 4.4465
155 110 2.5325
160 110 19.3348
165 110 14.0773
170 110 9.6335
10 115 0.0255
15 115 0.0115
20 115 33.7943
25 115 0.1782
30 115 0.1068
35 115 0.2831
40 115 2.5310
45 115 57.9543
50 115 16.8750
55 115 17.7413
60 115 66.3814
65 115 20.2401
70 115 23.1807
75 115 24.5001
80 115 28.5593
85 115 35.6157
90 115 35.7463
95 115 45.9039
100 115 30.2122
105 115 30.8307
110 115 25.7983
115 115 79.6042
120 115 20.4490
125 115 11.3513
130 115 4.6198
135 115 1.5575
140 115 0.6194
145 115 0.6288
150 115 309.2663
155 115 5.0641
160 115 11.5835
165 115 17.3337
170 115 9.7826
10 120 0.0282
15 120 0.0097
20 120 0.0556
25 120 0.0549
30 120 0.3613
35 120 2.1466
40 120 0.3202
45 120 54.2016
50 120 11.3233
55 120 15.7049
60 120 23.4746
65 120 23.3012
70 120 50.3128
75 120 30.6233
80 120 45.8478
85 120 15.1835
90 120 24.3298
95 120 25.1965
100 120 24.1086
105 120 22.4063
110 120 23.4588
115 120 15.7399
120 120 18.8314
125 120 21.9238
130 120 12.7555
135 120 2.4567
140 120 0.4265
145 120 0.5582
150 120 2.1567
155 120 3.7461
160 120 24.0002
165 120 11.0204
170 120 10.6481
10 125 0.0418
15 125 0.1407
20 125 0.0514
25 125 0.0918
30 125 14.1361
35 125 0.0432
40 125 0.1584
45 125 0.2114
50 125 1.3295
55 125 5.7652
60 125 218.7398
65 125 12.8745
70 125 4.7798
75 125 4.3317
80 125 6.0632
85 125 40.3364
90 125 13.7212
95 125 13.8473
100 125 16.7043
105 125 14.3172
110 125 13.2788
115 125 13.0497
120 125 15.8725
125 125 24.2773
130 125 14.8571
135 125 4.4616
140 125 0.7955
145 125 0.9018
150 125 2.9981
155 125 8.7429
160 125 8.9256
165 125 14.4430
170 125 8.2563
10 130 0.1012
15 130 0.3132
20 130 0.2644
25 130 0.5398
30 130 0.1378
35 130 0.0523
40 130 0.1142
45 130 0.6846
50 130 31.9473
55 130 0.9816
60 130 0.4297
65 130 0.5524
70 130 1.9458
75 130 2.8188
80 130 2.2242
85 130 3.7976
90 130 4.7918
95 130 6.0098
100 130 6.0958
105 130 7.3567
110 130 10.1410
115 130 10.9202
120 130 16.8729
125 130 21.6178
130 130 12.8851
135 130 5.3441
140 130 1.9653
145 130 0.7691
150 130 2.7254
155 130 4.5552
160 130 9.6683
165 130 10.4801
170 130 7.3410
10 135 0.2472
15 135 1.9007
20 135 1.7174
25 135 0.8664
30 135 0.2416
35 135 0.1326
40 135 0.0982
45 135 2.2432
50 135 0.4674
55 135 0.3076
60 135 0.3921
65 135 0.3362
70 135 15.3819
75 135 0.0533
80 135 0.0256
85 135 0.0452
90 135 0.2597
95 135 19.4303
100 135 3.2331
105 135 4.0567
110 135 5.4048
115 135 9.5120
120 135 4.6631
125 135 1.4573
130 135 1.7212
135 135 2.2713
140 135 1.5583
145 135 1.2034
150 135 3.3634
155 135 6.0248
160 135 7.1337
165 135 8.7815
170 135 8.3878
10 140 0.5920
15 140 1.9249
20 140 2.4086
25 140 2.2531
30 140 1.0960
35 140 0.3822
40 140 33.5879
45 140 0.2720
50 140 0.5657
55 140 0.5863
60 140 1.3377
65 140 1.5045
70 140 1.0911
75 140 0.0388
80 140 0.0088
85 140 108.8228
90 140 0.0118
95 140 16.3229
100 140 1.0141
105 140 2.9075
110 140 3.3632
115 140 5.8054
120 140 0.7999
125 140 0.0234
130 140 0.0484
135 140 0.1435
140 140 0.1369
145 140 0.9159
150 140 5.0336
155 140 6.6861
160 140 43.9915
165 140 6.5477
170 140 6.7618
10 145 0.7468
15 145 1.8516
20 145 2.8055
25 145 3.5380
30 145 2.1360
35 145 38.1410
40 145 0.1030
45 145 0.0943
50 145 0.1846
55 145 0.2990
60 145 0.6330
65 145 0.9373
70 145 0.2991
75 145 0.0829
80 145 0.1850
85 145 0.0047
90 145 0.0052
95 145 28.0337
100 145 0.4392
105 145 2.0587
110 145 5.4569
115 145 1.4485
120 145 126.3520
125 145 0.0231
130 145 0.0028
135 145 0.0102
140 145 0.0494
145 145 0.5254
150 145 4.0783
155 145 6.8068
160 145 5.8164
165 145 3.5021
170 145 2.5314
10 150 97.4483
15 150 1.7943
20 150 4.1696
25 150 3.3991
30 150 2.4367
35 150 0.4641
40 150 75.8806
45 150 0.0529
50 150 0.0801
55 150 0.1926
60 150 0.3631
65 150 4.8940
70 150 27.2887
75 150 0.7609
80 150 0.1843
85 150 0.0283
90 150 0.0422
95 150 0.5345
100 150 1.7687
105 150 0.8392
110 150 2.7204
115 150 0.7911
120 150 0.7587
125 150 0.0298
130 150 0.0003
135 150 0.0041
140 150 0.0221
145 150 0.5269
150 150 185.8675
155 150 3.0785
160 150 2.0931
165 150 10.0718
170 150 0.1342
10 155 0.4085
15 155 0.9191
20 155 3.2897
25 155 3.5389
30 155 2.9367
35 155 0.9218
40 155 0.4362
45 155 0.0482
50 155 11.8035
55 155 159.6755
60 155 0.4108
65 155 0.4045
70 155 0.4221
75 155 0.0533
80 155 0.2173
85 155 0.3211
90 155 0.1324
95 155 0.1542
100 155 0.0666
105 155 1.5148
110 155 21.1393
115 155 0.1946
120 155 0.3115
125 155 0.1045
130 155 218.4409
135 155 0.0015
140 155 0.0059
145 155 0.2273
150 155 0.9289
155 155 0.6098
160 155 0.6691
165 155 43.0699
170 155 9.3576
10 160 0.4711
15 160 0.6190
20 160 1.3281
25 160 2.5426
30 160 2.5771
35 160 1.6756
40 160 113.9404
45 160 120.9990
50 160 0.1700
55 160 0.3326
60 160 0.7184
65 160 1.9384
70 160 2.7179
75 160 0.3045
80 160 0.0278
85 160 0.0109
90 160 0.4150
95 160 0.0019
100 160 0.0059
105 160 0.0144
110 160 0.0430
115 160 0.0628
120 160 8.0702
125 160 0.1713
130 160 0.1200
135 160 0.0032
140 160 0.0024
145 160 0.0527
150 160 0.0697
155 160 0.0486
160 160 44.2179
165 160 0.1392
170 160 0.0179
10 165 0.6730
15 165 0.7237
20 165 0.8030
25 165 1.3892
30 165 1.4600
35 165 1.1581
40 165 0.7904
45 165 0.9214
50 165 1.0503
55 165 1.1894
60 165 29.4209
65 165 5.2103
70 165 0.2630
75 165 0.0122
80 165 0.0128
85 165 0.0164
90 165 0.0044
95 165 0.0093
100 165 0.1461
105 165 53.3264
110 165 0.1428
115 165 1.4963
120 165 0.2270
125 165 0.1133
130 165 0.2678
135 165 0.1252
140 165 0.0042
145 165 0.0205
150 165 0.0200
155 165 0.0062
160 165 0.0051
165 165 0.0018
170 165 0.0077
10 170 1.0448
15 170 1.1953
20 170 1.3585
25 170 0.9739
30 170 0.9146
35 170 0.9412
40 170 1.1332
45 170 1.3925
50 170 1.6636
55 170 4.4634
60 170 5.0293
65 170 4.7683
70 170 0.6922
75 170 0.0663
80 170 0.1053
85 170 0.0450
90 170 0.0808
95 170 3.4466
100 170 180.1936
105 170 124.0643
110 170 98.5090
115 170 34.8934
120 170 15.4882
125 170 0.6767
130 170 0.2579
135 170 0.2584
140 170 0.1300
145 170 60.0606
150 170 0.5853
155 170 0.1545
160 170 0.0023
165 170 0.7186
170 170 0.0066
10 175 1.7088
15 175 39.8282
20 175 1.5173
25 175 1.5067
30 175 2.2904
35 175 1.4305
40 175 1.6111
45 175 1.6580
50 175 1.9887
55 175 2.9964
60 175 122.2217
65 175 9.4796
70 175 1.0893
75 175 0.2647
80 175 1.1087
85 175 9.6264
90 175 30.4904
95 175 66.3370
100 175 27.7800
105 175 26.2165
110 175 33.8445
115 175 24.0066
120 175 30.9405
125 175 15.1260
130 175 0.5040
135 175 0.3585
140 175 0.0346
145 175 0.0201
150 175 0.0161
155 175 3.2779
160 175 0.0045
165 175 0.0053
170 175 19.3064
