10 -180 1.5856
15 -180 91.5100
20 -180 1.5311
25 -180 3.6110
30 -180 0.3849
35 -180 0.0029
40 -180 11.9892
45 -180 0.0320
50 -180 0.4018
55 -180 2.9982
60 -180 11.5868
65 -180 11.1138
70 -180 15.1679
75 -180 35.2867
80 -180 20.9229
85 -180 12.6074
90 -180 15.3382
95 -180 15.9439
100 -180 18.4918
105 -180 20.9663
110 -180 30.2153
115 -180 38.8455
120 -180 67.9525
125 -180 4.6323
130 -180 3.0693
135 -180 0.8201
140 -180 0.0816
145 -180 1.1196
150 -180 3.7917
155 -180 3.7345
160 -180 4.0431
165 -180 4.4720
170 -180 4.4179
10 -175 1.2843
15 -175 1.4118
20 -175 1.2525
25 -175 1.1990
30 -175 0.0026
35 -175 2.3842
40 -175 0.5537
45 -175 5.5434
50 -175 3.6830
55 -175 110.9567
60 -175 56.9260
65 -175 15.5452
70 -175 18.0437
75 -175 122.3631
80 -175 18.6437
85 -175 30.5743
90 -175 19.1904
95 -175 28.3109
100 -175 18.5688
105 -175 18.5416
110 -175 19.4358
115 -175 20.4920
120 -175 23.3334
125 -175 16.1882
130 -175 16.6167
135 -175 10.0880
140 -175 2.5222
145 -175 3.6748
150 -175 4.2916
155 -175 3.8806
160 -175 4.1031
165 -175 4.8981
170 -175 4.4713
10 -170 1.8816
15 -170 1.2714
20 -170 0.9361
25 -170 6.7410
30 -170 0.0036
35 -170 0.4235
40 -170 17.0162
45 -170 4.5869
50 -170 10.1140
55 -170 14.8396
60 -170 23.2335
65 -170 17.3466
70 -170 16.2137
75 -170 15.3200
80 -170 87.5778
85 -170 20.1091
90 -170 20.7777
95 -170 23.4259
100 -170 22.5119
105 -170 24.9375
110 -170 51.0506
115 -170 17.4411
120 -170 15.3423
125 -170 13.8844
130 -170 16.6331
135 -170 3.2556
140 -170 3.6728
145 -170 4.0124
150 -170 10.7322
155 -170 4.0919
160 -170 5.4587
165 -170 5.6755
170 -170 109.2286
10 -165 1.4724
15 -165 0.5550
20 -165 0.2573
25 -165 0.0070
30 -165 0.0503
35 -165 10.6420
40 -165 14.2177
45 -165 28.5615
50 -165 20.3514
55 -165 19.5984
60 -165 26.8130
65 -165 15.2597
70 -165 15.3666
75 -165 16.9134
80 -165 19.5376
85 -165 20.6857
90 -165 25.8232
95 -165 24.5915
100 -165 24.9333
105 -165 269.8602
110 -165 24.4845
115 -165 21.6607
120 -165 20.0821
125 -165 17.1262
130 -165 17.0410
135 -165 5.9068
140 -165 3.2547
145 -165 3.5549
150 -165 4.2998
155 -165 4.3514
160 -165 4.0765
165 -165 20.5900
170 -165 4.0751
10 -160 0.5802
15 -160 0.1404
20 -160 0.0126
25 -160 0.0128
30 -160 12.0334
35 -160 34.4861
40 -160 22.6281
45 -160 17.7337
50 -160 17.5852
55 -160 13.7258
60 -160 133.3359
65 -160 14.0756
70 -160 15.5680
75 -160 16.2319
80 -160 19.0523
85 -160 22.8130
90 -160 39.7793
95 -160 25.5661
100 -160 25.7681
105 -160 25.9474
110 -160 27.7232
115 -160 20.9896
120 -160 57.6315
125 -160 17.9394
130 -160 23.9926
135 -160 4.1795
140 -160 3.4565
145 -160 4.9942
150 -160 4.1553
155 -160 3.9304
160 -160 4.0658
165 -160 3.9767
170 -160 34.1892
10 -155 0.2843
15 -155 0.0998
20 -155 26.1254
25 -155 0.1608
30 -155 3.8402
35 -155 37.0592
40 -155 22.2983
45 -155 14.3190
50 -155 14.3824
55 -155 14.1570
60 -155 12.2018
65 -155 816.7547
70 -155 11.2310
75 -155 11.2539
80 -155 17.9966
85 -155 17.1436
90 -155 21.9886
95 -155 20.5660
100 -155 21.0001
105 -155 39.0005
110 -155 33.7170
115 -155 15.2256
120 -155 13.1225
125 -155 9.9025
130 -155 5.3078
135 -155 3.9296
140 -155 6.6240
145 -155 4.1847
150 -155 4.8407
155 -155 4.0134
160 -155 4.6439
165 -155 3.8886
170 -155 4.0106
10 -150 0.1199
15 -150 0.0712
20 -150 0.0446
25 -150 0.9599
30 -150 38.1920
35 -150 41.1699
40 -150 15.6472
45 -150 14.0403
50 -150 32.9261
55 -150 42.7730
60 -150 9.4890
65 -150 7.2669
70 -150 15.0499
75 -150 9.3733
80 -150 8.5012
85 -150 18.3145
90 -150 16.1272
95 -150 326.4311
100 -150 33.9811
105 -150 98.2564
110 -150 11.2416
115 -150 10.1169
120 -150 6.0652
125 -150 8.6487
130 -150 35.5118
135 -150 4.0633
140 -150 16.5587
145 -150 4.0794
150 -150 3.7503
155 -150 4.3580
160 -150 18.5533
165 -150 4.9763
170 -150 3.7325
10 -145 0.2486
15 -145 0.1381
20 -145 0.2420
25 -145 2.9555
30 -145 34.8417
35 -145 21.4696
40 -145 17.1403
45 -145 14.6252
50 -145 31.9266
55 -145 13.2390
60 -145 11.6511
65 -145 6.0860
70 -145 6.1768
75 -145 6.7101
80 -145 7.1175
85 -145 107.7582
90 -145 215.3244
95 -145 7.5432
100 -145 71.8013
105 -145 7.0186
110 -145 6.4075
115 -145 6.9893
120 -145 4.6195
125 -145 5.8851
130 -145 4.1411
135 -145 3.9452
140 -145 3.8321
145 -145 3.7521
150 -145 13.0263
155 -145 3.7806
160 -145 6.0969
165 -145 3.7661
170 -145 3.7698
10 -140 0.3128
15 -140 0.3890
20 -140 1.3409
25 -140 93.3384
30 -140 19.9110
35 -140 17.4025
40 -140 17.9004
45 -140 15.0504
50 -140 63.5472
55 -140 15.0608
60 -140 9.4662
65 -140 5.2840
70 -140 5.8001
75 -140 5.1851
80 -140 5.5005
85 -140 6.3161
90 -140 5.5791
95 -140 157.3386
100 -140 5.4971
105 -140 5.5733
110 -140 8.5353
115 -140 4.7168
120 -140 4.5453
125 -140 4.5300
130 -140 4.3299
135 -140 3.7387
140 -140 3.7968
145 -140 24.9591
150 -140 3.5696
155 -140 3.5608
160 -140 3.6242
165 -140 3.7257
170 -140 3.8353
10 -135 0.7258
15 -135 1.0319
20 -135 8.4032
25 -135 90.0002
30 -135 52.2052
35 -135 81.9343
40 -135 15.3056
45 -135 15.1158
50 -135 76.5168
55 -135 16.0758
60 -135 20.5782
65 -135 17.1788
70 -135 10.5342
75 -135 13.0434
80 -135 8.3024
85 -135 9.8811
90 -135 2.8575
95 -135 3.2298
100 -135 3.5832
105 -135 3.9305
110 -135 7.4706
115 -135 61.3747
120 -135 4.0490
125 -135 3.8209
130 -135 3.5373
135 -135 3.5872
140 -135 3.5188
145 -135 3.5048
150 -135 3.3799
155 -135 3.4653
160 -135 3.6430
165 -135 3.6800
170 -135 3.7635
10 -130 1.4872
15 -130 1.6026
20 -130 20.7681
25 -130 18.2636
30 -130 15.8847
35 -130 14.6369
40 -130 14.7392
45 -130 14.6938
50 -130 14.5138
55 -130 14.9459
60 -130 21.2868
65 -130 16.8287
70 -130 15.1015
75 -130 8.4061
80 -130 2.1318
85 -130 2.6115
90 -130 0.9870
95 -130 0.4525
100 -130 61.7283
105 -130 3.3159
110 -130 3.7634
115 -130 3.8148
120 -130 10.1598
125 -130 3.0701
130 -130 3.4467
135 -130 3.4947
140 -130 3.5251
145 -130 3.1948
150 -130 3.0755
155 -130 3.0789
160 -130 3.4191
165 -130 3.7426
170 -130 3.8331
10 -125 3.1123
15 -125 32.9590
20 -125 50.8949
25 -125 16.2632
30 -125 15.0126
35 -125 14.2303
40 -125 14.2436
45 -125 14.2186
50 -125 14.1261
55 -125 16.3167
60 -125 15.2725
65 -125 13.1726
70 -125 15.1740
75 -125 2.0022
80 -125 138.3775
85 -125 0.1035
90 -125 1.4667
95 -125 0.9784
100 -125 1.7709
105 -125 2.7985
110 -125 2.9329
115 -125 2.8886
120 -125 3.2294
125 -125 3.2409
130 -125 3.4118
135 -125 3.1233
140 -125 2.8678
145 -125 12.1225
150 -125 2.6711
155 -125 2.8393
160 -125 3.1831
165 -125 3.5647
170 -125 3.5349
10 -120 5.0670
15 -120 20.2794
20 -120 17.7892
25 -120 16.0006
30 -120 15.2313
35 -120 14.3656
40 -120 59.6229
45 -120 13.5466
50 -120 96.8281
55 -120 12.3669
60 -120 10.0014
65 -120 11.0564
70 -120 9.0690
75 -120 0.3071
80 -120 0.0022
85 -120 0.6833
90 -120 1.2385
95 -120 1.7725
100 -120 3.2672
105 -120 12.2349
110 -120 2.5088
115 -120 2.3986
120 -120 2.8011
125 -120 2.7490
130 -120 2.6287
135 -120 2.3998
140 -120 2.4557
145 -120 2.3386
150 -120 40.7561
155 -120 60.3950
160 -120 3.1443
165 -120 3.2984
170 -120 2.9813
10 -115 186.5318
15 -115 16.9870
20 -115 19.0476
25 -115 16.4359
30 -115 13.8438
35 -115 14.7588
40 -115 13.5798
45 -115 14.8628
50 -115 14.1498
55 -115 11.5552
60 -115 9.9427
65 -115 0.9140
70 -115 0.0491
75 -115 2.2173
80 -115 0.2366
85 -115 1.3662
90 -115 0.7884
95 -115 1.3803
100 -115 1.9248
105 -115 2.5221
110 -115 1.8361
115 -115 5.2177
120 -115 1.0632
125 -115 1.8280
130 -115 1.9622
135 -115 2.1086
140 -115 1.8152
145 -115 1.9383
150 -115 69.0413
155 -115 2.2917
160 -115 2.7915
165 -115 2.6410
170 -115 53.2797
10 -110 11.3561
15 -110 19.8855
20 -110 21.2249
25 -110 15.9951
30 -110 13.5995
35 -110 13.5458
40 -110 14.2050
45 -110 29.8321
50 -110 16.6102
55 -110 20.8342
60 -110 57.1374
65 -110 1.3111
70 -110 0.0150
75 -110 0.5009
80 -110 0.1583
85 -110 0.1125
90 -110 0.5988
95 -110 0.0933
100 -110 0.1006
105 -110 19.7885
110 -110 0.1472
115 -110 1.8101
120 -110 0.5247
125 -110 0.6880
130 -110 0.9175
135 -110 1.4355
140 -110 1.5374
145 -110 1.6346
150 -110 1.6704
155 -110 2.1684
160 -110 1.8941
165 -110 1.6084
170 -110 13.3449
10 -105 25.4559
15 -105 25.3609
20 -105 44.6605
25 -105 24.1457
30 -105 15.2133
35 -105 112.9136
40 -105 15.5003
45 -105 23.2942
50 -105 139.7748
55 -105 18.3872
60 -105 25.7706
65 -105 11.0858
70 -105 0.7547
75 -105 0.8767
80 -105 0.7552
85 -105 3.6622
90 -105 0.0149
95 -105 0.3604
100 -105 0.3759
105 -105 0.3449
110 -105 0.3991
115 -105 43.3223
120 -105 0.3058
125 -105 49.5825
130 -105 338.5886
135 -105 0.4700
140 -105 0.9292
145 -105 1.1958
150 -105 1.4376
155 -105 1.1038
160 -105 0.9978
165 -105 2.1447
170 -105 4.7679
10 -100 30.5917
15 -100 23.0931
20 -100 21.9173
25 -100 17.3406
30 -100 151.4673
35 -100 16.0494
40 -100 152.2530
45 -100 15.4015
50 -100 16.4992
55 -100 16.2736
60 -100 5.6433
65 -100 2.8137
70 -100 0.8426
75 -100 15.8797
80 -100 0.0119
85 -100 0.3694
90 -100 0.0552
95 -100 0.3646
100 -100 56.3735
105 -100 1.0424
110 -100 0.5265
115 -100 0.3487
120 -100 0.2489
125 -100 0.1694
130 -100 0.2735
135 -100 0.8461
140 -100 0.9947
145 -100 0.6963
150 -100 1.2119
155 -100 4.7736
160 -100 34.8702
165 -100 99.2233
170 -100 9.9372
10 -95 27.4164
15 -95 24.0080
20 -95 29.2567
25 -95 21.3897
30 -95 16.6526
35 -95 17.1217
40 -95 25.4520
45 -95 14.4734
50 -95 19.5514
55 -95 4.9132
60 -95 0.9608
65 -95 0.5818
70 -95 0.1011
75 -95 0.0168
80 -95 69.2738
85 -95 0.0030
90 -95 0.0791
95 -95 0.5017
100 -95 0.9152
105 -95 0.9292
110 -95 0.9310
115 -95 0.3939
120 -95 141.2149
125 -95 0.0912
130 -95 0.1561
135 -95 0.4971
140 -95 0.4810
145 -95 3.2938
150 -95 64.0250
155 -95 43.3411
160 -95 9.5694
165 -95 12.5788
170 -95 9.2309
10 -90 33.9066
15 -90 40.9034
20 -90 26.0143
25 -90 22.2089
30 -90 16.7730
35 -90 265.2336
40 -90 11.5572
45 -90 9.5118
50 -90 7.3335
55 -90 2.0382
60 -90 2.6566
65 -90 3.4793
70 -90 2.5900
75 -90 2.4426
80 -90 1.1513
85 -90 0.1913
90 -90 0.2095
95 -90 0.8183
100 -90 0.7505
105 -90 26.6591
110 -90 0.1231
115 -90 2.2578
120 -90 0.0036
125 -90 0.0175
130 -90 17.3116
135 -90 13.1067
140 -90 7.2000
145 -90 10.7469
150 -90 8.0768
155 -90 8.0811
160 -90 7.9629
165 -90 8.5079
170 -90 8.2988
10 -85 35.2003
15 -85 21.1159
20 -85 25.0849
25 -85 24.8823
30 -85 16.9654
35 -85 10.9497
40 -85 9.1477
45 -85 10.8403
50 -85 4.6021
55 -85 0.7589
60 -85 1.6488
65 -85 2.6640
70 -85 2.3595
75 -85 2.1714
80 -85 1.9788
85 -85 1.5090
90 -85 0.8220
95 -85 0.0798
100 -85 0.0603
105 -85 0.3876
110 -85 20.3104
115 -85 0.8714
120 -85 0.4989
125 -85 0.0652
130 -85 0.0118
135 -85 0.2506
140 -85 6.1427
145 -85 6.3117
150 -85 7.0240
155 -85 7.5450
160 -85 238.6402
165 -85 7.8920
170 -85 11.0243
10 -80 15.3337
15 -80 11.1783
20 -80 25.1937
25 -80 71.2079
30 -80 13.9632
35 -80 8.7733
40 -80 8.8210
45 -80 5.3573
50 -80 5.6737
55 -80 1.0401
60 -80 2.1630
65 -80 2.6863
70 -80 2.4807
75 -80 2.6132
80 -80 3.1046
85 -80 2.4647
90 -80 2.0777
95 -80 1.4340
100 -80 12.1430
105 -80 463.0401
110 -80 0.4713
115 -80 0.0223
120 -80 0.0234
125 -80 0.0352
130 -80 0.0097
135 -80 0.2250
140 -80 4.5553
145 -80 5.7033
150 -80 7.0828
155 -80 7.0381
160 -80 7.1445
165 -80 7.2966
170 -80 13.0520
10 -75 7.2814
15 -75 2.5430
20 -75 13.3598
25 -75 17.7540
30 -75 9.5808
35 -75 6.6485
40 -75 5.5624
45 -75 4.3348
50 -75 6.4787
55 -75 1.9001
60 -75 3.6797
65 -75 2.9256
70 -75 2.6949
75 -75 2.9599
80 -75 2.8754
85 -75 173.4729
90 -75 2.6393
95 -75 2.2674
100 -75 116.3114
105 -75 5.4972
110 -75 0.0411
115 -75 0.0188
120 -75 19.5339
125 -75 0.8747
130 -75 15.7389
135 -75 1.3767
140 -75 56.6722
145 -75 5.1941
150 -75 6.2991
155 -75 29.5305
160 -75 6.7114
165 -75 6.7607
170 -75 11.2067
10 -70 3.5794
15 -70 1.8728
20 -70 7.8632
25 -70 20.3769
30 -70 7.8381
35 -70 4.4825
40 -70 3.6633
45 -70 3.7790
50 -70 18.7907
55 -70 2.6618
60 -70 13.3413
65 -70 3.2821
70 -70 2.9270
75 -70 3.0106
80 -70 50.7698
85 -70 2.9445
90 -70 867.7733
95 -70 10.6246
100 -70 77.6196
105 -70 339.9745
110 -70 6.1939
115 -70 0.1037
120 -70 0.0343
125 -70 0.0377
130 -70 0.1826
135 -70 3.2596
140 -70 4.0716
145 -70 4.3680
150 -70 5.0554
155 -70 6.3277
160 -70 5.9849
165 -70 6.0698
170 -70 6.3675
10 -65 1.6804
15 -65 0.4157
20 -65 2.1668
25 -65 14.9841
30 -65 20.5237
35 -65 4.3782
40 -65 3.5569
45 -65 12.0513
50 -65 3.2381
55 -65 11.1209
60 -65 104.2266
65 -65 30.9000
70 -65 61.6491
75 -65 21.9061
80 -65 3.1179
85 -65 2.9086
90 -65 2.6900
95 -65 3.0534
100 -65 1.9586
105 -65 1.2455
110 -65 0.4653
115 -65 0.1443
120 -65 0.0905
125 -65 0.0917
130 -65 0.2127
135 -65 92.5902
140 -65 2.9630
145 -65 3.0488
150 -65 4.1748
155 -65 5.1189
160 -65 6.5047
165 -65 5.6077
170 -65 9.1622
10 -60 0.9842
15 -60 0.2351
20 -60 56.5004
25 -60 64.1677
30 -60 4.4112
35 -60 3.7606
40 -60 16.8713
45 -60 2.7894
50 -60 3.6583
55 -60 23.9820
60 -60 23.9162
65 -60 3.6362
70 -60 10.7814
75 -60 3.9116
80 -60 3.4742
85 -60 321.6746
90 -60 2.3742
95 -60 2.5434
100 -60 1.4015
105 -60 0.9736
110 -60 0.0444
115 -60 0.5900
120 -60 109.0940
125 -60 0.1764
130 -60 1.3152
135 -60 2.1680
140 -60 41.7525
145 -60 2.5458
150 -60 20.5691
155 -60 4.4773
160 -60 4.8018
165 -60 4.9183
170 -60 5.2827
10 -55 0.4649
15 -55 0.1441
20 -55 0.4844
25 -55 10.4420
30 -55 25.7004
35 -55 1.5881
40 -55 3.2009
45 -55 11.6093
50 -55 3.8212
55 -55 6.6996
60 -55 10.4341
65 -55 8.0022
70 -55 4.5165
75 -55 4.5254
80 -55 3.8085
85 -55 3.7491
90 -55 48.0460
95 -55 5.7707
100 -55 0.7201
105 -55 0.0418
110 -55 97.5701
115 -55 123.8327
120 -55 0.9241
125 -55 1.8018
130 -55 2.4271
135 -55 17.5663
140 -55 1.3684
145 -55 1.9038
150 -55 3.0901
155 -55 3.9247
160 -55 4.3652
165 -55 4.6619
170 -55 4.9493
10 -50 0.3074
15 -50 41.0821
20 -50 0.1842
25 -50 20.2939
30 -50 12.1744
35 -50 8.4991
40 -50 5.4102
45 -50 3.6058
50 -50 4.3161
55 -50 6.9433
60 -50 10.9137
65 -50 10.1241
70 -50 6.7007
75 -50 5.1894
80 -50 4.6845
85 -50 92.4743
90 -50 2.2004
95 -50 0.4305
100 -50 114.5376
105 -50 1.2011
110 -50 1.4117
115 -50 1.3528
120 -50 1.8326
125 -50 4.4745
130 -50 2.4141
135 -50 2.4318
140 -50 1.2609
145 -50 1.8473
150 -50 2.8719
155 -50 3.5970
160 -50 4.0173
165 -50 4.3328
170 -50 4.6867
10 -45 0.5326
15 -45 0.0906
20 -45 0.0832
25 -45 0.0742
30 -45 5.1893
35 -45 10.4140
40 -45 16.8022
45 -45 7.0338
50 -45 6.0552
55 -45 8.9900
60 -45 11.1516
65 -45 11.0542
70 -45 40.7554
75 -45 24.1533
80 -45 5.1063
85 -45 120.8987
90 -45 1.6335
95 -45 2.4623
100 -45 13.5253
105 -45 159.1151
110 -45 1.6337
115 -45 1.4685
120 -45 1.5214
125 -45 1.9155
130 -45 2.8137
135 -45 42.0172
140 -45 29.1758
145 -45 3.0569
150 -45 2.6376
155 -45 3.3548
160 -45 3.7501
165 -45 13.9532
170 -45 4.6126
10 -40 0.4808
15 -40 0.3034
20 -40 0.7920
25 -40 0.4000
30 -40 0.2182
35 -40 5.8146
40 -40 8.1186
45 -40 7.8636
50 -40 8.5753
55 -40 39.2266
60 -40 97.9606
65 -40 9.3331
70 -40 128.8907
75 -40 3.6870
80 -40 19.2515
85 -40 5.6190
90 -40 3.5384
95 -40 25.2206
100 -40 1.6727
105 -40 0.7905
110 -40 0.4125
115 -40 0.3277
120 -40 0.5836
125 -40 1.3868
130 -40 2.8915
135 -40 8.6527
140 -40 63.0604
145 -40 81.8869
150 -40 2.4361
155 -40 2.9270
160 -40 12.7618
165 -40 21.2191
170 -40 4.4515
10 -35 1.4519
15 -35 2.0282
20 -35 0.0087
25 -35 55.5212
30 -35 194.7276
35 -35 11.1413
40 -35 8.1308
45 -35 7.3386
50 -35 53.0692
55 -35 29.7310
60 -35 9.1229
65 -35 8.7021
70 -35 852.2927
75 -35 6.8213
80 -35 4.9535
85 -35 1.8157
90 -35 4.9186
95 -35 5.4184
100 -35 243.6273
105 -35 1.0876
110 -35 0.9283
115 -35 1.1541
120 -35 2.2157
125 -35 2.3938
130 -35 2.3204
135 -35 6.2639
140 -35 0.9245
145 -35 1.7683
150 -35 2.1818
155 -35 2.2124
160 -35 3.3135
165 -35 3.8966
170 -35 4.3550
10 -30 0.3389
15 -30 9.7960
20 -30 37.1464
25 -30 0.0177
30 -30 0.0139
35 -30 7.9553
40 -30 15.8679
45 -30 10.9313
50 -30 7.1228
55 -30 7.1391
60 -30 35.7332
65 -30 6.6173
70 -30 8.1546
75 -30 11.8953
80 -30 215.7269
85 -30 6.4004
90 -30 4.7404
95 -30 1.1307
100 -30 176.7618
105 -30 2.8661
110 -30 2.7426
115 -30 2.0161
120 -30 1.1650
125 -30 0.3760
130 -30 0.1543
135 -30 0.4712
140 -30 1.0800
145 -30 1.3049
150 -30 1.0511
155 -30 282.0138
160 -30 3.0015
165 -30 3.7793
170 -30 4.2321
10 -25 0.2441
15 -25 0.3127
20 -25 0.3368
25 -25 0.7487
30 -25 0.1479
35 -25 14.4034
40 -25 27.5376
45 -25 20.3301
50 -25 8.5150
55 -25 5.7864
60 -25 58.9794
65 -25 5.8777
70 -25 266.2483
75 -25 59.9676
80 -25 10.1445
85 -25 3.2231
90 -25 2.0576
95 -25 1.9667
100 -25 46.7933
105 -25 3.4231
110 -25 4.6037
115 -25 149.0028
120 -25 3.3377
125 -25 1.9239
130 -25 0.2907
135 -25 0.0640
140 -25 0.6304
145 -25 1.9058
150 -25 0.4511
155 -25 1.1642
160 -25 2.9296
165 -25 3.6472
170 -25 4.1859
10 -20 0.5470
15 -20 0.7187
20 -20 0.7365
25 -20 0.4897
30 -20 0.1212
35 -20 0.0519
40 -20 0.6322
45 -20 9.8610
50 -20 11.5402
55 -20 3.8430
60 -20 3.3321
65 -20 46.2034
70 -20 4.6003
75 -20 17.9371
80 -20 14.1039
85 -20 24.2801
90 -20 0.0461
95 -20 36.3152
100 -20 0.7147
105 -20 1.1810
110 -20 1.5573
115 -20 133.3493
120 -20 1.2271
125 -20 1.0390
130 -20 1.7366
135 -20 0.3407
140 -20 8.4632
145 -20 0.6327
150 -20 0.5562
155 -20 1.0983
160 -20 2.8369
165 -20 3.6878
170 -20 4.2622
10 -15 66.2582
15 -15 0.5309
20 -15 0.6371
25 -15 0.5464
30 -15 0.8929
35 -15 28.4745
40 -15 0.0120
45 -15 0.2510
50 -15 4.2243
55 -15 10.9692
60 -15 88.8163
65 -15 17.7009
70 -15 1.8538
75 -15 14.8324
80 -15 1.7699
85 -15 45.7011
90 -15 19.2122
95 -15 0.0144
100 -15 0.0747
105 -15 0.0614
110 -15 0.1398
115 -15 0.6045
120 -15 1.1975
125 -15 0.7495
130 -15 0.5254
135 -15 10.2943
140 -15 0.2681
145 -15 0.9478
150 -15 3.3764
155 -15 1.0745
160 -15 2.8017
165 -15 4.9809
170 -15 4.9976
10 -10 0.3666
15 -10 0.3366
20 -10 0.2856
25 -10 238.3223
30 -10 0.2270
35 -10 0.1576
40 -10 0.0163
45 -10 0.0430
50 -10 2.4991
55 -10 6.3648
60 -10 6.9080
65 -10 42.5532
70 -10 156.8597
75 -10 3.4847
80 -10 17.1958
85 -10 10.4552
90 -10 12.0507
95 -10 0.3700
100 -10 49.1354
105 -10 0.3841
110 -10 0.2192
115 -10 26.1476
120 -10 0.5396
125 -10 0.6597
130 -10 0.4824
135 -10 0.6099
140 -10 0.9685
145 -10 1.8155
150 -10 1.1605
155 -10 3.0531
160 -10 3.3702
165 -10 4.6278
170 -10 4.7506
10 -5 0.6763
15 -5 0.6188
20 -5 0.2081
25 -5 0.4454
30 -5 36.9288
35 -5 0.0468
40 -5 0.0497
45 -5 0.0029
50 -5 0.0117
55 -5 3.8544
60 -5 0.2078
65 -5 0.6410
70 -5 33.2025
75 -5 67.4863
80 -5 14.7718
85 -5 11.6708
90 -5 598.2112
95 -5 33.2573
100 -5 71.3400
105 -5 20.9839
110 -5 4.5556
115 -5 1.0482
120 -5 0.2547
125 -5 0.3563
130 -5 0.5633
135 -5 9.6588
140 -5 5.3850
145 -5 3.8004
150 -5 2.2486
155 -5 2.5829
160 -5 4.0326
165 -5 4.6980
170 -5 4.2231
10 0 0.6510
15 0 0.4345
20 0 1.1403
25 0 0.1749
30 0 0.1182
35 0 0.0793
40 0 2.2759
45 0 0.0062
50 0 1.2371
55 0 0.0456
60 0 0.0409
65 0 0.3615
70 0 0.5427
75 0 2.0806
80 0 69.4956
85 0 113.2716
90 0 46.0584
95 0 35.0951
100 0 49.8248
105 0 43.0308
110 0 24.2772
115 0 50.1030
120 0 0.8716
125 0 6.4549
130 0 0.3269
135 0 0.3310
140 0 7.8293
145 0 5.4787
150 0 3.8370
155 0 3.1488
160 0 3.5131
165 0 3.5760
170 0 4.4437
10 5 1.2928
15 5 1.6550
20 5 0.2887
25 5 0.1981
30 5 0.5514
35 5 0.1327
40 5 0.0776
45 5 0.0209
50 5 0.0149
55 5 0.0739
60 5 7.5134
65 5 3.7837
70 5 35.8214
75 5 55.1627
80 5 62.9783
85 5 102.0833
90 5 78.5963
95 5 134.8096
100 5 29.1266
105 5 32.6739
110 5 38.8454
115 5 44.6938
120 5 58.3243
125 5 16.7469
130 5 7.1014
135 5 6.1323
140 5 8.1041
145 5 4.9484
150 5 3.2346
155 5 2.6142
160 5 2.6937
165 5 3.1950
170 5 3.3530
10 10 1.1183
15 10 1.7879
20 10 0.5384
25 10 0.5289
30 10 19.8979
35 10 0.2971
40 10 0.1739
45 10 4.0178
50 10 16.7040
55 10 3.0150
60 10 29.0119
65 10 72.7314
70 10 84.3431
75 10 479.5210
80 10 60.1511
85 10 68.8738
90 10 67.4521
95 10 70.3596
100 10 77.4989
105 10 31.7092
110 10 30.2875
115 10 84.5220
120 10 83.4586
125 10 81.2227
130 10 6.6355
135 10 4.5727
140 10 18.0125
145 10 3.3789
150 10 2.7919
155 10 2.5185
160 10 2.4321
165 10 2.7211
170 10 2.9652
10 15 9.2464
15 15 1.2008
20 15 0.7107
25 15 0.5526
30 15 0.4970
35 15 0.7223
40 15 0.4235
45 15 0.4311
50 15 0.0437
55 15 0.4498
60 15 25.4283
65 15 68.2295
70 15 71.1096
75 15 79.8443
80 15 71.9130
85 15 157.6027
90 15 60.2128
95 15 58.9338
100 15 98.2674
105 15 40.4060
110 15 33.4984
115 15 29.4360
120 15 93.3747
125 15 8.7452
130 15 4.8226
135 15 3.7524
140 15 3.5936
145 15 3.4261
150 15 3.7407
155 15 2.8985
160 15 2.4991
165 15 2.4510
170 15 3.0133
10 20 1.6680
15 20 1.2298
20 20 1.3780
25 20 7.9949
30 20 0.8423
35 20 93.2403
40 20 0.6822
45 20 113.1299
50 20 0.0619
55 20 0.6455
60 20 45.5863
65 20 72.5168
70 20 80.7332
75 20 83.9376
80 20 79.9905
85 20 63.7923
90 20 52.3720
95 20 55.9476
100 20 45.1890
105 20 423.9712
110 20 36.2337
115 20 46.8839
120 20 36.0933
125 20 3.4580
130 20 3.9912
135 20 3.8752
140 20 141.4002
145 20 3.7308
150 20 3.4903
155 20 3.1112
160 20 5.9520
165 20 2.7301
170 20 2.8477
10 25 2.4187
15 25 128.0135
20 25 1.3781
25 25 1.3052
30 25 2.3255
35 25 2.2125
40 25 4.6992
45 25 1.0041
50 25 2.4627
55 25 0.8347
60 25 1.7837
65 25 41.0412
70 25 69.1714
75 25 107.8283
80 25 70.8567
85 25 96.3653
90 25 61.3024
95 25 122.0416
100 25 55.5384
105 25 37.3692
110 25 43.0204
115 25 18.2628
120 25 8.6669
125 25 747.5980
130 25 3.7113
135 25 3.7711
140 25 4.0253
145 25 3.8632
150 25 3.6883
155 25 32.6061
160 25 3.1267
165 25 3.1553
170 25 3.1389
10 30 5.2282
15 30 2.1326
20 30 6.6554
25 30 2.5016
30 30 87.2197
35 30 22.5364
40 30 79.5644
45 30 2.7307
50 30 0.8542
55 30 1.9910
60 30 3.5279
65 30 21.7544
70 30 119.2903
75 30 224.8096
80 30 84.0412
85 30 84.6063
90 30 68.9551
95 30 92.0353
100 30 72.3122
105 30 42.1996
110 30 16.9871
115 30 1.2028
120 30 0.2975
125 30 2.9769
130 30 2.8444
135 30 3.4024
140 30 3.7581
145 30 3.8046
150 30 3.8533
155 30 3.8870
160 30 3.8499
165 30 7.9855
170 30 3.4237
10 35 342.6563
15 35 2.6654
20 35 2.9188
25 35 7.8350
30 35 24.2110
35 35 6.9132
40 35 4.2439
45 35 1.8069
50 35 0.9844
55 35 0.7028
60 35 4.3340
65 35 37.8984
70 35 29.5735
75 35 128.0205
80 35 61.7155
85 35 46.7823
90 35 32.9526
95 35 36.8554
100 35 43.3691
105 35 5.1357
110 35 14.4567
115 35 0.0386
120 35 0.0327
125 35 1.2722
130 35 2.1954
135 35 2.7692
140 35 3.0183
145 35 3.5846
150 35 4.1866
155 35 4.4437
160 35 4.2283
165 35 5.2552
170 35 3.6713
10 40 9.8702
15 40 3.9549
20 40 4.2852
25 40 54.6220
30 40 15.6653
35 40 12.1344
40 40 8.7181
45 40 7.7057
50 40 17.1314
55 40 10.4973
60 40 17.3544
65 40 24.1442
70 40 30.4358
75 40 57.9574
80 40 25.5718
85 40 25.9101
90 40 21.2072
95 40 15.6942
100 40 14.4429
105 40 16.2739
110 40 3.2919
115 40 0.0657
120 40 13.1314
125 40 2.2934
130 40 1.3132
135 40 2.5398
140 40 3.2577
145 40 4.2967
150 40 4.8302
155 40 4.7647
160 40 76.5099
165 40 3.2547
170 40 3.4196
10 45 16.4887
15 45 4.3477
20 45 25.6466
25 45 20.9891
30 45 24.1294
35 45 17.5561
40 45 69.5640
45 45 43.9549
50 45 9.4966
55 45 12.5690
60 45 35.0931
65 45 69.1315
70 45 281.2391
75 45 25.5475
80 45 21.8143
85 45 19.8710
90 45 17.2332
95 45 16.9721
100 45 10.1584
105 45 13.8508
110 45 9.6990
115 45 8.6402
120 45 12.9993
125 45 250.2045
130 45 12.5754
135 45 1.8776
140 45 3.2527
145 45 3.8477
150 45 3.8338
155 45 3.5545
160 45 2.4883
165 45 124.4261
170 45 2.6097
10 50 24.5455
15 50 6.1392
20 50 17.4728
25 50 30.4340
30 50 25.0505
35 50 22.6741
40 50 33.3202
45 50 25.5156
50 50 24.3088
55 50 22.9508
60 50 32.8269
65 50 30.2987
70 50 123.5022
75 50 59.2562
80 50 34.7282
85 50 30.3569
90 50 30.1460
95 50 31.9104
100 50 26.3097
105 50 23.9503
110 50 25.5509
115 50 21.4504
120 50 18.6828
125 50 15.2277
130 50 11.6561
135 50 2.4140
140 50 1.0580
145 50 1.5272
150 50 2.0826
155 50 3.1034
160 50 3.6136
165 50 2.9828
170 50 2.5624
10 55 15.6474
15 55 8.8390
20 55 33.2547
25 55 31.6758
30 55 34.4949
35 55 27.8304
40 55 32.3676
45 55 72.2531
50 55 63.3946
55 55 44.1324
60 55 55.6615
65 55 59.8408
70 55 68.7878
75 55 73.8439
80 55 96.6967
85 55 71.7315
90 55 120.5300
95 55 57.8122
100 55 52.2622
105 55 52.3623
110 55 36.7072
115 55 32.4458
120 55 26.1538
125 55 23.6432
130 55 18.6227
135 55 12.6010
140 55 6.3730
145 55 4.3041
150 55 4.8148
155 55 4.2360
160 55 5.3160
165 55 6.4691
170 55 5.2794
10 60 6.8243
15 60 90.8478
20 60 62.5082
25 60 42.9391
30 60 150.5139
35 60 35.2873
40 60 35.9313
45 60 39.1973
50 60 49.1817
55 60 66.0172
60 60 79.2941
65 60 84.4637
70 60 487.8430
75 60 92.5220
80 60 96.4248
85 60 99.9617
90 60 91.0294
95 60 83.9205
100 60 74.2179
105 60 57.4750
110 60 57.2872
115 60 44.8096
120 60 39.3962
125 60 28.4008
130 60 57.1904
135 60 14.5076
140 60 10.5579
145 60 11.3307
150 60 11.0102
155 60 6.3547
160 60 6.5151
165 60 7.2701
170 60 7.8622
10 65 6.7572
15 65 68.9369
20 65 64.2740
25 65 45.6056
30 65 48.2400
35 65 39.5418
40 65 40.9831
45 65 60.4474
50 65 53.3041
55 65 95.8179
60 65 80.1364
65 65 94.0830
70 65 106.8512
75 65 105.6392
80 65 112.8093
85 65 115.3562
90 65 120.4485
95 65 104.1964
100 65 99.3210
105 65 82.4889
110 65 179.5683
115 65 95.6720
120 65 64.5655
125 65 53.4066
130 65 26.8922
135 65 16.2471
140 65 12.5514
145 65 10.2426
150 65 8.9208
155 65 7.8488
160 65 7.9071
165 65 8.1026
170 65 8.5427
10 70 13.4006
15 70 40.2226
20 70 72.2448
25 70 114.0527
30 70 78.9159
35 70 132.2075
40 70 49.1111
45 70 53.2749
50 70 58.8255
55 70 75.0064
60 70 99.5372
65 70 121.2094
70 70 128.2099
75 70 136.7400
80 70 157.5455
85 70 154.1862
90 70 171.8524
95 70 171.4504
100 70 184.4601
105 70 606.9263
110 70 186.8574
115 70 129.7453
120 70 110.3100
125 70 98.9340
130 70 47.1459
135 70 37.1798
140 70 13.2343
145 70 11.6424
150 70 9.4756
155 70 8.7320
160 70 8.8435
165 70 9.1017
170 70 11.6037
10 75 145.2713
15 75 220.0047
20 75 438.1866
25 75 80.3701
30 75 81.0074
35 75 132.6298
40 75 77.9277
45 75 73.7796
50 75 61.6619
55 75 71.5850
60 75 84.0067
65 75 107.1718
70 75 227.9207
75 75 135.2992
80 75 182.0838
85 75 223.9350
90 75 280.6898
95 75 375.3749
100 75 249.3122
105 75 299.2144
110 75 162.4672
115 75 137.0288
120 75 102.8697
125 75 84.3137
130 75 98.6387
135 75 32.2166
140 75 16.6573
145 75 11.6071
150 75 10.0866
155 75 9.5972
160 75 9.4197
165 75 9.4754
170 75 9.1558
10 80 35.4124
15 80 15.3039
20 80 41.3665
25 80 107.4346
30 80 69.2959
35 80 165.0991
40 80 78.2457
45 80 81.0401
50 80 65.9040
55 80 261.7263
60 80 275.1947
65 80 164.0574
70 80 117.0067
75 80 173.8198
80 80 265.7520
85 80 305.5565
90 80 446.4204
95 80 189.9134
100 80 175.1003
105 80 148.8442
110 80 144.5657
115 80 121.6443
120 80 82.7288
125 80 332.4378
130 80 60.8401
135 80 82.7158
140 80 22.2217
145 80 12.6461
150 80 10.8325
155 80 9.8113
160 80 9.6175
165 80 10.6276
170 80 9.2886
10 85 7.2384
15 85 6.2325
20 85 47.6682
25 85 46.8206
30 85 20.2851
35 85 42.1301
40 85 26.6383
45 85 117.3381
50 85 103.0764
55 85 172.1565
60 85 149.4147
65 85 727.3226
70 85 168.4107
75 85 158.5454
80 85 213.4553
85 85 181.7659
90 85 168.7684
95 85 213.0055
100 85 114.5811
105 85 112.0309
110 85 90.6782
115 85 163.3746
120 85 86.8600
125 85 52.6650
130 85 53.8579
135 85 51.2403
140 85 104.9832
145 85 12.3017
150 85 11.1963
155 85 10.2587
160 85 9.6699
165 85 9.6298
170 85 9.6267
10 90 2061.6128
15 90 37.7366
20 90 7.8219
25 90 51.7803
30 90 86.1297
35 90 32.0200
40 90 30.7977
45 90 44.7691
50 90 59.4176
55 90 157.9518
60 90 63.2633
65 90 75.1376
70 90 26.8442
75 90 22.4339
80 90 44.0100
85 90 389.1685
90 90 54.0029
95 90 123.9664
100 90 108.3013
105 90 100.4734
110 90 82.6214
115 90 96.4680
120 90 63.2032
125 90 56.3193
130 90 55.8960
135 90 44.1085
140 90 39.3192
145 90 13.4605
150 90 11.5211
155 90 10.6645
160 90 12.2391
165 90 9.6570
170 90 9.5939
10 95 3.1984
15 95 3.8096
20 95 950.1357
25 95 14.2005
30 95 20.0429
35 95 3.7447
40 95 1.1275
45 95 4.5812
50 95 3.3352
55 95 200.9557
60 95 322.1668
65 95 9.7883
70 95 10.5425
75 95 9.5820
80 95 6.2633
85 95 18.6746
90 95 6.1053
95 95 1.6259
100 95 108.5404
105 95 1.7779
110 95 5.0154
115 95 9.7390
120 95 27.5094
125 95 38.3430
130 95 136.8646
135 95 42.4877
140 95 35.0556
145 95 175.0207
150 95 11.7837
155 95 10.6360
160 95 10.3417
165 95 9.7582
170 95 9.4988
10 100 12.8549
15 100 28.9509
20 100 1.1719
25 100 2.7083
30 100 16.7764
35 100 0.0962
40 100 43.1887
45 100 0.1270
50 100 0.2109
55 100 0.0648
60 100 0.1197
65 100 0.4212
70 100 2.9971
75 100 5.6456
80 100 4.5010
85 100 0.9293
90 100 0.8346
95 100 4.8255
100 100 18.7407
105 100 51.1242
110 100 0.0234
115 100 0.0717
120 100 1.7882
125 100 20.3086
130 100 23.0460
135 100 29.3366
140 100 65.4739
145 100 14.7110
150 100 13.7897
155 100 10.6190
160 100 10.3560
165 100 10.0716
170 100 9.7078
10 105 0.3849
15 105 0.1383
20 105 0.1484
25 105 0.1186
30 105 0.0355
35 105 0.7807
40 105 1.7677
45 105 18.7742
50 105 41.0146
55 105 33.5836
60 105 5.7037
65 105 2.6852
70 105 2.2363
75 105 46.5972
80 105 18.1980
85 105 1.1881
90 105 1.6118
95 105 2.9618
100 105 0.8609
105 105 616.7985
110 105 0.7778
115 105 1.1364
120 105 0.2820
125 105 0.1567
130 105 20.4756
135 105 28.1723
140 105 87.7945
145 105 14.0664
150 105 13.0761
155 105 10.9099
160 105 10.9709
165 105 10.9325
170 105 9.3232
10 110 0.1291
15 110 0.1303
20 110 29.1419
25 110 0.1880
30 110 219.0831
35 110 50.4371
40 110 4.9113
45 110 18.6551
50 110 1.8007
55 110 2.4103
60 110 3.5679
65 110 5.2160
70 110 6.8299
75 110 7.0790
80 110 8.0158
85 110 6.3946
90 110 13.7258
95 110 4.0298
100 110 3.5758
105 110 148.8949
110 110 51.2993
115 110 1.5758
120 110 11.7268
125 110 16.5002
130 110 43.1462
135 110 19.0208
140 110 14.4598
145 110 12.3391
150 110 12.0860
155 110 12.8377
160 110 10.8893
165 110 15.6689
170 110 10.6127
10 115 77.6849
15 115 0.1792
20 115 0.8036
25 115 1.1109
30 115 2.1661
35 115 92.4863
40 115 2.7481
45 115 20.7937
50 115 2.7056
55 115 3.4882
60 115 2.8404
65 115 4.2959
70 115 6.4406
75 115 12.3552
80 115 18.4864
85 115 97.8811
90 115 13.3642
95 115 7.6336
100 115 4.2341
105 115 4.9028
110 115 6.4834
115 115 2.9948
120 115 14.9078
125 115 12.4351
130 115 18.0344
135 115 12.6458
140 115 12.5775
145 115 11.4304
150 115 10.4520
155 115 10.3654
160 115 11.1654
165 115 9.6852
170 115 9.1279
10 120 0.2653
15 120 0.6678
20 120 1.2618
25 120 37.3256
30 120 3.0510
35 120 3.8979
40 120 3.3897
45 120 3.3907
50 120 2.9214
55 120 2.2777
60 120 1.5751
65 120 2.0281
70 120 21.8981
75 120 12.3217
80 120 56.1091
85 120 73.6774
90 120 52.3423
95 120 22.4621
100 120 4.8321
105 120 3.7753
110 120 2.7285
115 120 29.1605
120 120 27.6385
125 120 8.0570
130 120 9.4204
135 120 11.5663
140 120 10.2201
145 120 10.2100
150 120 10.4891
155 120 9.7142
160 120 9.7423
165 120 30.6463
170 120 8.5765
10 125 0.6362
15 125 104.3517
20 125 12.7386
25 125 4.7362
30 125 31.5527
35 125 4.4961
40 125 260.9306
45 125 4.2862
50 125 3.4403
55 125 2.8422
60 125 2.0865
65 125 1.1582
70 125 0.4474
75 125 0.7169
80 125 1.0290
85 125 5.2926
90 125 7.1566
95 125 3.4218
100 125 2.5830
105 125 7.5921
110 125 2.8009
115 125 5.5947
120 125 6.9155
125 125 14.3401
130 125 10.4035
135 125 9.4960
140 125 16.4277
145 125 9.6302
150 125 10.9155
155 125 9.1380
160 125 71.8035
165 125 8.3675
170 125 7.9448
10 130 2.3994
15 130 14.2585
20 130 4.0408
25 130 65.0077
30 130 5.3493
35 130 17.2903
40 130 5.1200
45 130 3.8630
50 130 2.4991
55 130 2.1571
60 130 90.7409
65 130 11.9080
70 130 18.9469
75 130 20.6172
80 130 12.8706
85 130 12.8100
90 130 97.6112
95 130 32.8639
100 130 15.7171
105 130 12.9751
110 130 8.8415
115 130 9.0834
120 130 27.8768
125 130 26.9124
130 130 9.2553
135 130 9.1000
140 130 8.9212
145 130 8.7001
150 130 8.9948
155 130 8.5479
160 130 9.7560
165 130 7.5359
170 130 207.9186
10 135 1.9966
15 135 21.2201
20 135 4.5263
25 135 5.3360
30 135 5.6666
35 135 5.4118
40 135 5.7019
45 135 2.6367
50 135 4.0271
55 135 88.8755
60 135 10.4904
65 135 12.2651
70 135 17.5016
75 135 443.0596
80 135 12.6273
85 135 14.2207
90 135 17.8550
95 135 13.3901
100 135 13.4320
105 135 13.4477
110 135 13.4080
115 135 12.8924
120 135 12.0896
125 135 11.3956
130 135 10.4264
135 135 9.2512
140 135 8.4617
145 135 17.4330
150 135 8.2584
155 135 7.5227
160 135 7.1125
165 135 6.3482
170 135 6.8096
10 140 64.0104
15 140 7.8562
20 140 4.9870
25 140 5.3884
30 140 5.6062
35 140 5.4368
40 140 3.4743
45 140 2.8249
50 140 11.5964
55 140 12.3907
60 140 15.2767
65 140 15.8758
70 140 18.7248
75 140 17.9141
80 140 17.9645
85 140 19.4713
90 140 21.5307
95 140 28.5883
100 140 19.7922
105 140 18.1928
110 140 17.5571
115 140 14.9007
120 140 14.5315
125 140 12.1166
130 140 10.5408
135 140 9.3389
140 140 8.0667
145 140 7.9206
150 140 10.7442
155 140 6.4902
160 140 6.3583
165 140 5.6499
170 140 5.1969
10 145 2.8728
15 145 4.3590
20 145 29.4905
25 145 5.4087
30 145 6.5828
35 145 4.4395
40 145 3.2738
45 145 4.2035
50 145 12.3018
55 145 22.0955
60 145 18.1067
65 145 24.9942
70 145 29.8546
75 145 26.7435
80 145 30.9377
85 145 31.4005
90 145 31.4640
95 145 29.0890
100 145 30.2818
105 145 22.5685
110 145 23.3281
115 145 17.1004
120 145 15.1004
125 145 59.4964
130 145 14.7568
135 145 7.5581
140 145 6.9919
145 145 6.1305
150 145 5.4977
155 145 5.2393
160 145 5.0488
165 145 4.9631
170 145 5.8265
10 150 3.3601
15 150 4.3816
20 150 7.5358
25 150 5.2385
30 150 5.0629
35 150 37.3298
40 150 3.4138
45 150 6.0603
50 150 10.3967
55 150 19.7595
60 150 14.7682
65 150 10.6635
70 150 15.2692
75 150 33.5984
80 150 38.1469
85 150 45.8491
90 150 44.1595
95 150 35.2332
100 150 29.9314
105 150 25.5193
110 150 21.3900
115 150 19.5781
120 150 14.4324
125 150 11.3886
130 150 263.6236
135 150 6.1723
140 150 3.9788
145 150 4.3463
150 150 4.7068
155 150 29.7460
160 150 6.8416
165 150 4.3354
170 150 4.3111
10 155 3.6690
15 155 4.6589
20 155 6.5888
25 155 4.9330
30 155 4.6238
35 155 57.2406
40 155 3.8808
45 155 4.9931
50 155 433.3841
55 155 2.3815
60 155 2.9661
65 155 5.2255
70 155 6.1835
75 155 8.3703
80 155 14.4826
85 155 22.2802
90 155 47.7629
95 155 38.5374
100 155 32.0380
105 155 24.7548
110 155 20.4139
115 155 15.6380
120 155 12.4269
125 155 9.5384
130 155 6.8416
135 155 3.8921
140 155 23.0813
145 155 1.3708
150 155 2.6477
155 155 3.0122
160 155 10.4254
165 155 4.6270
170 155 4.1743
10 160 3.6062
15 160 6.4919
20 160 4.2498
25 160 4.2617
30 160 4.5050
35 160 3.6129
40 160 3.1071
45 160 3.0601
50 160 0.6566
55 160 1.3845
60 160 2.5328
65 160 3.5266
70 160 4.3895
75 160 4.9007
80 160 5.6502
85 160 6.4712
90 160 8.7230
95 160 16.4113
100 160 14.4519
105 160 14.2002
110 160 12.0643
115 160 25.4299
120 160 8.4691
125 160 7.3470
130 160 5.1658
135 160 2.5692
140 160 1.0541
145 160 0.3913
150 160 1.3841
155 160 2.2856
160 160 3.2889
165 160 3.9768
170 160 4.0816
10 165 3.4836
15 165 3.8422
20 165 3.6167
25 165 3.5971
30 165 3.4113
35 165 2.9115
40 165 9.7921
45 165 0.9173
50 165 0.6665
55 165 1.2922
60 165 0.9943
65 165 1.5115
70 165 3.3690
75 165 4.0189
80 165 4.5764
85 165 4.8755
90 165 5.5468
95 165 5.6284
100 165 5.7611
105 165 6.2671
110 165 6.2262
115 165 6.6434
120 165 5.5959
125 165 4.9282
130 165 4.6330
135 165 2.2524
140 165 0.6248
145 165 0.3379
150 165 1.0612
155 165 2.7910
160 165 3.1579
165 165 4.3990
170 165 5.2384
10 170 2.9789
15 170 2.8876
20 170 3.3363
25 170 3.0112
30 170 2.5914
35 170 2.7711
40 170 4.1247
45 170 0.2151
50 170 12.5310
55 170 0.0838
60 170 0.0333
65 170 0.7061
70 170 52.4123
75 170 3.3437
80 170 3.8305
85 170 3.9844
90 170 5.2248
95 170 10.1743
100 170 5.3038
105 170 7.0771
110 170 5.5297
115 170 8.5024
120 170 5.4207
125 170 4.9124
130 170 3.6331
135 170 0.8347
140 170 0.0215
145 170 0.1264
150 170 1.3689
155 170 2.6052
160 170 3.4822
165 170 3.8740
170 170 12.9307
10 175 2.3348
15 175 2.0442
20 175 1.9719
25 175 1.9738
30 175 2.7506
35 175 0.9188
40 175 0.0484
45 175 0.0329
50 175 0.0035
55 175 0.0039
60 175 0.2140
65 175 0.4241
70 175 26.2045
75 175 24.7685
80 175 7.2215
85 175 8.4430
90 175 10.4751
95 175 11.4221
100 175 12.7594
105 175 14.8542
110 175 19.5596
115 175 17.1961
120 175 35.5365
125 175 5.8346
130 175 15.8478
135 175 0.1438
140 175 0.2686
145 175 0.2330
150 175 19.6492
155 175 3.2512
160 175 3.9711
165 175 4.6133
170 175 6.9173
