10 -180 0.8405
15 -180 0.8114
20 -180 0.8786
25 -180 1.1430
30 -180 0.4965
35 -180 0.0019
40 -180 0.0787
45 -180 0.0095
50 -180 0.1265
55 -180 0.9096
60 -180 2.5951
65 -180 2.5237
70 -180 2.7556
75 -180 4.7706
80 -180 2.2346
85 -180 3.0222
90 -180 3.5619
95 -180 2.7483
100 -180 5.5175
105 -180 3.7530
110 -180 9.2342
115 -180 5.8977
120 -180 8.9716
125 -180 2.5374
130 -180 1.6882
135 -180 0.3052
140 -180 0.0592
145 -180 0.7049
150 -180 1.6111
155 -180 1.9656
160 -180 2.1317
165 -180 2.5940
170 -180 2.0407
10 -175 0.6612
15 -175 1.2776
20 -175 1.2343
25 -175 1.2900
30 -175 0.0018
35 -175 0.0360
40 -175 0.1461
45 -175 0.5972
50 -175 1.9286
55 -175 5.4633
60 -175 11.6648
65 -175 5.1679
70 -175 3.6689
75 -175 3.9460
80 -175 5.0453
85 -175 5.4920
90 -175 5.1084
95 -175 5.0781
100 -175 4.6620
105 -175 6.4544
110 -175 5.9627
115 -175 7.7959
120 -175 7.2262
125 -175 3.5076
130 -175 6.2351
135 -175 5.5267
140 -175 1.2306
145 -175 2.0517
150 -175 2.3047
155 -175 1.0561
160 -175 2.6288
165 -175 11.3227
170 -175 2.5884
10 -170 2.1410
15 -170 1.7195
20 -170 1.2358
25 -170 0.0090
30 -170 0.0052
35 -170 0.6628
40 -170 11.5437
45 -170 2.2476
50 -170 4.7147
55 -170 4.8900
60 -170 6.7121
65 -170 5.8555
70 -170 5.0968
75 -170 5.4509
80 -170 4.3500
85 -170 4.7413
90 -170 5.3877
95 -170 5.5302
100 -170 5.4390
105 -170 5.3799
110 -170 4.8219
115 -170 4.3500
120 -170 4.6258
125 -170 6.4719
130 -170 7.4720
135 -170 1.9167
140 -170 1.9949
145 -170 1.8442
150 -170 1.3718
155 -170 2.3354
160 -170 2.4681
165 -170 2.1207
170 -170 2.1198
10 -165 1.8381
15 -165 0.7295
20 -165 0.2855
25 -165 0.0022
30 -165 0.1003
35 -165 6.7336
40 -165 10.5977
45 -165 5.8480
50 -165 6.7797
55 -165 3.5935
60 -165 5.9594
65 -165 5.0162
70 -165 3.2285
75 -165 4.5309
80 -165 6.0130
85 -165 6.8517
90 -165 5.4015
95 -165 5.3162
100 -165 6.0975
105 -165 4.3143
110 -165 6.0688
115 -165 6.0918
120 -165 6.5839
125 -165 7.9382
130 -165 5.5434
135 -165 2.8461
140 -165 2.0538
145 -165 2.0823
150 -165 2.0913
155 -165 2.4973
160 -165 2.5219
165 -165 2.2580
170 -165 1.4707
10 -160 0.9780
15 -160 0.2704
20 -160 0.0223
25 -160 0.0177
30 -160 0.8843
35 -160 15.0147
40 -160 9.6541
45 -160 8.5809
50 -160 6.8066
55 -160 6.0484
60 -160 5.7006
65 -160 5.3072
70 -160 5.7962
75 -160 7.1012
80 -160 7.5467
85 -160 8.1335
90 -160 7.3260
95 -160 7.5605
100 -160 6.8209
105 -160 13.0718
110 -160 7.3048
115 -160 7.9817
120 -160 8.5797
125 -160 6.7835
130 -160 6.1696
135 -160 2.4668
140 -160 1.7211
145 -160 2.0562
150 -160 2.1087
155 -160 2.3616
160 -160 1.1722
165 -160 2.3164
170 -160 2.2138
10 -155 0.2690
15 -155 0.1528
20 -155 0.0130
25 -155 0.2642
30 -155 9.3034
35 -155 14.6038
40 -155 11.5802
45 -155 7.2514
50 -155 7.2244
55 -155 6.5177
60 -155 6.6760
65 -155 4.0851
70 -155 5.0462
75 -155 5.2149
80 -155 6.4750
85 -155 7.8548
90 -155 4.3788
95 -155 6.9344
100 -155 7.2457
105 -155 5.8414
110 -155 7.6262
115 -155 6.6914
120 -155 6.1438
125 -155 4.2172
130 -155 3.2268
135 -155 2.4450
140 -155 2.2404
145 -155 2.3161
150 -155 2.2171
155 -155 2.4902
160 -155 2.5084
165 -155 2.4097
170 -155 2.0772
10 -150 0.1532
15 -150 0.0981
20 -150 0.0824
25 -150 1.0752
30 -150 15.6716
35 -150 14.7651
40 -150 10.4394
45 -150 8.4186
50 -150 9.7094
55 -150 9.4442
60 -150 6.9812
65 -150 4.8873
70 -150 4.2688
75 -150 3.9527
80 -150 4.1430
85 -150 3.8533
90 -150 4.1385
95 -150 5.0477
100 -150 7.1308
105 -150 4.2373
110 -150 6.5897
115 -150 3.9461
120 -150 3.5118
125 -150 4.0150
130 -150 2.7061
135 -150 2.5594
140 -150 2.1764
145 -150 2.5436
150 -150 2.3747
155 -150 2.4130
160 -150 2.4413
165 -150 2.1894
170 -150 1.7069
10 -145 0.3327
15 -145 0.0860
20 -145 0.3477
25 -145 4.0572
30 -145 13.6541
35 -145 11.5530
40 -145 10.4332
45 -145 10.8298
50 -145 10.9423
55 -145 9.0135
60 -145 9.3147
65 -145 4.9515
70 -145 4.8530
75 -145 4.1962
80 -145 2.9890
85 -145 3.1608
90 -145 4.8032
95 -145 3.5826
100 -145 3.1612
105 -145 3.0338
110 -145 2.9940
115 -145 4.7384
120 -145 3.6629
125 -145 1.6442
130 -145 2.3682
135 -145 2.3128
140 -145 1.7718
145 -145 2.6476
150 -145 2.4186
155 -145 2.4202
160 -145 2.4043
165 -145 2.3786
170 -145 2.0133
10 -140 5.8043
15 -140 0.3417
20 -140 1.0809
25 -140 8.9557
30 -140 9.6018
35 -140 8.4803
40 -140 8.8432
45 -140 9.7969
50 -140 9.8014
55 -140 9.4339
60 -140 8.2934
65 -140 4.4298
70 -140 3.7730
75 -140 3.1957
80 -140 2.4534
85 -140 2.5878
90 -140 1.8235
95 -140 2.6587
100 -140 2.5528
105 -140 2.9338
110 -140 2.0580
115 -140 2.7353
120 -140 3.1036
125 -140 1.8129
130 -140 1.8910
135 -140 1.9129
140 -140 2.6519
145 -140 2.6964
150 -140 2.3294
155 -140 2.4289
160 -140 2.5367
165 -140 2.3380
170 -140 1.9931
10 -135 0.6368
15 -135 3.5571
20 -135 6.3664
25 -135 8.2504
30 -135 7.1926
35 -135 7.8002
40 -135 8.4414
45 -135 9.5601
50 -135 9.3939
55 -135 9.1038
60 -135 8.5035
65 -135 7.9889
70 -135 7.3427
75 -135 5.0151
80 -135 1.3760
85 -135 1.6713
90 -135 0.1094
95 -135 0.9555
100 -135 0.1059
105 -135 1.9871
110 -135 2.8003
115 -135 1.3881
120 -135 3.0245
125 -135 2.4566
130 -135 2.8849
135 -135 2.5766
140 -135 2.4431
145 -135 2.5514
150 -135 1.9952
155 -135 2.2234
160 -135 1.9278
165 -135 2.4732
170 -135 2.3092
10 -130 1.9838
15 -130 4.6904
20 -130 10.9043
25 -130 11.3738
30 -130 7.4729
35 -130 6.0245
40 -130 7.4851
45 -130 9.1492
50 -130 9.6762
55 -130 9.1183
60 -130 9.3775
65 -130 10.4562
70 -130 8.0999
75 -130 3.6170
80 -130 1.5418
85 -130 3.7142
90 -130 0.2499
95 -130 0.3796
100 -130 1.4389
105 -130 1.3295
110 -130 2.2586
115 -130 1.7922
120 -130 2.9361
125 -130 2.6310
130 -130 2.7802
135 -130 2.9055
140 -130 2.5670
145 -130 2.2188
150 -130 1.9254
155 -130 1.9752
160 -130 2.2395
165 -130 2.5677
170 -130 2.3672
10 -125 2.6213
15 -125 7.5957
20 -125 9.2651
25 -125 7.3139
30 -125 6.3477
35 -125 7.1359
40 -125 6.7625
45 -125 9.1232
50 -125 7.1279
55 -125 8.1856
60 -125 9.4299
65 -125 8.0654
70 -125 7.0304
75 -125 3.2681
80 -125 0.9400
85 -125 0.1210
90 -125 0.0055
95 -125 0.8858
100 -125 1.3228
105 -125 1.6306
110 -125 1.8844
115 -125 2.2482
120 -125 0.4143
125 -125 3.1004
130 -125 2.9371
135 -125 2.3161
140 -125 1.5040
145 -125 1.9117
150 -125 1.8815
155 -125 1.9081
160 -125 2.1851
165 -125 2.1441
170 -125 2.2541
10 -120 3.4852
15 -120 7.5427
20 -120 6.8574
25 -120 5.9381
30 -120 7.3975
35 -120 5.7484
40 -120 6.9364
45 -120 7.7295
50 -120 3.2549
55 -120 6.9974
60 -120 8.5640
65 -120 4.2315
70 -120 6.2892
75 -120 0.9141
80 -120 0.0008
85 -120 0.3494
90 -120 0.5400
95 -120 1.4706
100 -120 1.6661
105 -120 2.5918
110 -120 3.4734
115 -120 1.9483
120 -120 2.8236
125 -120 2.7477
130 -120 2.2579
135 -120 2.0597
140 -120 1.9603
145 -120 1.6835
150 -120 1.5442
155 -120 1.7462
160 -120 11.3654
165 -120 2.5458
170 -120 1.3587
10 -115 4.1838
15 -115 8.1728
20 -115 1.8975
25 -115 6.3881
30 -115 5.5625
35 -115 5.0241
40 -115 6.7193
45 -115 9.5132
50 -115 10.3195
55 -115 10.1598
60 -115 8.8490
65 -115 1.7504
70 -115 0.0605
75 -115 0.0054
80 -115 0.2693
85 -115 0.2241
90 -115 0.7869
95 -115 1.3269
100 -115 1.1006
105 -115 3.4391
110 -115 2.3501
115 -115 2.9449
120 -115 1.3056
125 -115 1.5093
130 -115 1.6138
135 -115 1.5846
140 -115 1.6639
145 -115 0.0826
150 -115 1.0546
155 -115 1.4990
160 -115 2.8645
165 -115 2.3094
170 -115 1.2047
10 -110 13.2430
15 -110 4.1082
20 -110 9.4685
25 -110 7.2940
30 -110 7.2680
35 -110 6.7750
40 -110 11.8506
45 -110 15.5501
50 -110 17.6924
55 -110 14.8912
60 -110 9.4666
65 -110 3.7803
70 -110 0.0193
75 -110 0.8325
80 -110 0.2567
85 -110 0.1270
90 -110 0.5819
95 -110 0.1470
100 -110 0.0402
105 -110 0.0683
110 -110 0.2020
115 -110 0.6286
120 -110 0.5498
125 -110 0.6088
130 -110 0.7870
135 -110 1.0754
140 -110 1.0530
145 -110 0.9935
150 -110 1.2582
155 -110 2.3093
160 -110 1.8720
165 -110 0.4339
170 -110 1.4887
10 -105 8.8070
15 -105 8.6520
20 -105 6.2747
25 -105 7.6988
30 -105 7.5471
35 -105 7.9945
40 -105 13.6000
45 -105 16.7169
50 -105 15.3071
55 -105 18.1052
60 -105 16.3925
65 -105 13.5006
70 -105 0.8197
75 -105 2.2127
80 -105 2.3712
85 -105 0.0309
90 -105 0.0226
95 -105 0.4423
100 -105 0.2125
105 -105 0.4452
110 -105 0.3713
115 -105 0.3928
120 -105 0.3979
125 -105 0.1816
130 -105 0.1971
135 -105 0.3479
140 -105 0.7109
145 -105 0.9205
150 -105 1.4505
155 -105 3.0254
160 -105 0.8095
165 -105 0.5145
170 -105 4.6734
10 -100 11.2952
15 -100 15.4181
20 -100 7.7705
25 -100 7.8222
30 -100 7.5462
35 -100 8.3936
40 -100 10.8733
45 -100 15.7056
50 -100 15.3055
55 -100 12.9177
60 -100 10.3030
65 -100 6.6013
70 -100 2.2441
75 -100 1.0129
80 -100 0.0376
85 -100 0.0020
90 -100 0.0592
95 -100 0.1552
100 -100 0.7290
105 -100 0.8000
110 -100 0.6742
115 -100 0.4417
120 -100 0.2673
125 -100 0.0994
130 -100 0.2310
135 -100 0.2874
140 -100 0.8801
145 -100 0.0172
150 -100 0.8772
155 -100 2.7969
160 -100 5.3015
165 -100 7.8477
170 -100 7.0239
10 -95 8.4394
15 -95 9.6091
20 -95 8.7195
25 -95 8.5490
30 -95 9.1522
35 -95 10.8053
40 -95 12.2634
45 -95 12.9952
50 -95 12.9850
55 -95 8.9462
60 -95 3.0993
65 -95 0.3780
70 -95 0.1778
75 -95 0.0019
80 -95 0.0003
85 -95 0.0013
90 -95 0.0346
95 -95 0.2484
100 -95 0.8739
105 -95 0.9924
110 -95 1.1368
115 -95 0.5004
120 -95 0.1505
125 -95 0.1130
130 -95 0.0984
135 -95 0.4935
140 -95 0.3928
145 -95 2.3042
150 -95 7.6780
155 -95 5.8700
160 -95 6.8547
165 -95 7.1921
170 -95 7.9524
10 -90 10.6894
15 -90 8.6419
20 -90 1.7080
25 -90 9.9318
30 -90 9.0547
35 -90 9.3803
40 -90 10.6419
45 -90 9.9050
50 -90 8.2927
55 -90 2.0175
60 -90 2.2614
65 -90 4.0698
70 -90 2.7643
75 -90 0.9548
80 -90 0.7950
85 -90 0.1549
90 -90 0.1564
95 -90 0.5046
100 -90 0.7099
105 -90 0.3960
110 -90 0.1284
115 -90 0.0467
120 -90 0.0052
125 -90 0.0032
130 -90 0.0009
135 -90 0.0092
140 -90 3.0190
145 -90 11.4941
150 -90 7.8396
155 -90 5.6984
160 -90 5.6520
165 -90 6.1944
170 -90 7.2577
10 -85 9.9582
15 -85 8.3428
20 -85 17.5860
25 -85 9.5930
30 -85 3.9741
35 -85 8.9789
40 -85 9.0406
45 -85 8.2048
50 -85 1.4395
55 -85 0.6424
60 -85 1.5621
65 -85 2.8324
70 -85 2.4214
75 -85 1.8870
80 -85 0.9494
85 -85 1.0038
90 -85 0.4505
95 -85 0.0417
100 -85 0.0942
105 -85 0.4120
110 -85 0.7626
115 -85 1.0398
120 -85 0.6877
125 -85 0.1178
130 -85 0.0196
135 -85 1.0211
140 -85 3.3664
145 -85 3.3218
150 -85 3.1141
155 -85 3.2534
160 -85 4.7615
165 -85 4.7365
170 -85 5.8915
10 -80 6.5783
15 -80 4.6206
20 -80 10.5850
25 -80 8.7759
30 -80 9.7716
35 -80 7.4543
40 -80 6.7821
45 -80 6.0566
50 -80 4.3092
55 -80 1.7063
60 -80 1.7889
65 -80 2.1299
70 -80 2.6928
75 -80 2.3948
80 -80 2.5559
85 -80 0.8732
90 -80 0.8925
95 -80 0.5022
100 -80 0.0310
105 -80 0.0143
110 -80 0.0101
115 -80 0.0207
120 -80 0.0330
125 -80 0.0206
130 -80 0.0117
135 -80 0.3537
140 -80 3.2226
145 -80 3.6478
150 -80 3.4938
155 -80 3.6155
160 -80 4.9113
165 -80 4.6873
170 -80 5.4471
10 -75 3.6459
15 -75 5.0042
20 -75 8.5085
25 -75 7.5633
30 -75 6.2135
35 -75 5.8164
40 -75 4.7220
45 -75 5.1985
50 -75 4.3409
55 -75 2.4932
60 -75 1.4836
65 -75 2.2872
70 -75 2.7117
75 -75 2.9658
80 -75 2.9690
85 -75 1.9579
90 -75 1.9005
95 -75 1.7010
100 -75 0.5839
105 -75 0.3419
110 -75 0.0557
115 -75 0.0158
120 -75 0.0094
125 -75 0.0111
130 -75 0.0365
135 -75 1.3716
140 -75 2.8132
145 -75 3.3543
150 -75 3.8688
155 -75 3.3785
160 -75 3.9510
165 -75 3.7951
170 -75 0.6500
10 -70 1.6725
15 -70 0.8587
20 -70 3.0940
25 -70 6.2761
30 -70 4.3877
35 -70 3.0426
40 -70 3.0329
45 -70 3.6453
50 -70 3.8894
55 -70 3.2291
60 -70 4.4273
65 -70 2.6794
70 -70 2.8132
75 -70 2.7372
80 -70 3.9621
85 -70 2.7792
90 -70 2.1053
95 -70 1.6552
100 -70 1.2207
105 -70 0.9367
110 -70 0.2901
115 -70 0.0856
120 -70 0.0285
125 -70 0.0335
130 -70 0.0228
135 -70 2.4176
140 -70 2.5714
145 -70 2.6027
150 -70 3.0657
155 -70 2.8614
160 -70 3.1167
165 -70 2.9382
170 -70 4.2304
10 -65 0.6891
15 -65 0.3064
20 -65 1.1693
25 -65 4.1424
30 -65 2.7718
35 -65 2.3572
40 -65 2.7549
45 -65 2.5817
50 -65 2.8366
55 -65 4.5999
60 -65 8.0952
65 -65 3.4333
70 -65 3.1622
75 -65 2.6766
80 -65 2.7516
85 -65 1.5546
90 -65 1.7272
95 -65 1.5423
100 -65 0.8592
105 -65 0.7687
110 -65 0.8493
115 -65 0.1148
120 -65 0.0421
125 -65 0.0312
130 -65 0.2768
135 -65 11.1501
140 -65 1.7400
145 -65 1.7789
150 -65 2.3247
155 -65 2.5241
160 -65 2.0812
165 -65 4.2450
170 -65 4.6845
10 -60 0.4280
15 -60 0.1240
20 -60 2.3064
25 -60 5.8129
30 -60 3.1609
35 -60 2.4162
40 -60 1.7723
45 -60 1.8968
50 -60 4.7242
55 -60 6.7459
60 -60 9.3712
65 -60 2.8488
70 -60 2.0928
75 -60 2.0478
80 -60 1.8215
85 -60 1.4930
90 -60 1.2219
95 -60 0.6603
100 -60 0.4942
105 -60 0.1668
110 -60 0.0362
115 -60 0.0055
120 -60 0.0042
125 -60 0.0519
130 -60 0.9575
135 -60 1.6751
140 -60 1.0190
145 -60 1.2077
150 -60 1.4111
155 -60 1.7958
160 -60 3.1281
165 -60 3.5632
170 -60 5.0293
10 -55 0.2690
15 -55 0.0908
20 -55 1.5459
25 -55 7.0302
30 -55 12.9822
35 -55 1.4140
40 -55 2.3651
45 -55 2.2005
50 -55 4.2143
55 -55 2.5329
60 -55 10.2296
65 -55 3.3937
70 -55 1.8636
75 -55 1.5839
80 -55 1.2456
85 -55 0.8875
90 -55 0.7135
95 -55 0.4882
100 -55 0.3294
105 -55 0.0464
110 -55 0.0534
115 -55 0.1594
120 -55 0.5511
125 -55 1.0871
130 -55 1.3845
135 -55 1.9764
140 -55 0.6698
145 -55 1.0381
150 -55 1.5697
155 -55 2.0899
160 -55 3.0498
165 -55 4.1196
170 -55 3.7683
10 -50 0.0471
15 -50 0.0553
20 -50 0.1688
25 -50 9.1024
30 -50 6.2818
35 -50 5.9288
40 -50 3.7172
45 -50 2.2348
50 -50 1.4136
55 -50 2.4893
60 -50 6.8240
65 -50 3.9417
70 -50 2.9907
75 -50 1.3779
80 -50 1.3497
85 -50 0.3139
90 -50 0.1895
95 -50 0.1347
100 -50 0.1454
105 -50 0.4689
110 -50 0.8544
115 -50 1.0415
120 -50 1.2958
125 -50 0.7224
130 -50 1.3266
135 -50 1.9022
140 -50 0.7859
145 -50 1.0416
150 -50 1.3870
155 -50 0.1545
160 -50 2.1260
165 -50 3.8092
170 -50 4.3135
10 -45 0.0937
15 -45 0.0302
20 -45 0.0214
25 -45 0.0900
30 -45 2.1835
35 -45 10.3528
40 -45 9.4514
45 -45 3.6732
50 -45 3.9461
55 -45 4.5347
60 -45 8.0086
65 -45 7.4486
70 -45 5.3040
75 -45 3.4829
80 -45 2.0158
85 -45 1.1426
90 -45 1.1176
95 -45 1.5472
100 -45 0.2233
105 -45 0.4785
110 -45 0.5523
115 -45 0.8113
120 -45 1.0813
125 -45 1.0530
130 -45 2.9877
135 -45 0.4899
140 -45 0.6854
145 -45 0.7850
150 -45 1.6394
155 -45 1.4875
160 -45 0.7156
165 -45 2.4260
170 -45 0.8208
10 -40 0.0732
15 -40 0.0479
20 -40 0.0019
25 -40 0.0099
30 -40 0.2831
35 -40 4.3086
40 -40 5.2823
45 -40 5.7190
50 -40 4.3924
55 -40 4.3703
60 -40 4.9510
65 -40 3.3192
70 -40 4.5072
75 -40 2.2730
80 -40 2.6592
85 -40 2.6010
90 -40 1.6018
95 -40 0.9083
100 -40 1.6060
105 -40 0.6161
110 -40 0.4161
115 -40 0.3444
120 -40 0.4513
125 -40 0.5641
130 -40 1.6915
135 -40 0.6458
140 -40 0.5830
145 -40 0.8332
150 -40 1.5313
155 -40 1.3010
160 -40 1.2451
165 -40 2.4500
170 -40 2.2011
10 -35 0.1460
15 -35 0.0989
20 -35 0.0042
25 -35 0.0049
30 -35 0.0690
35 -35 4.3996
40 -35 4.7173
45 -35 4.0185
50 -35 4.7229
55 -35 5.1184
60 -35 5.0990
65 -35 5.5421
70 -35 4.1094
75 -35 3.1902
80 -35 3.2638
85 -35 0.9823
90 -35 3.1215
95 -35 2.1257
100 -35 1.4012
105 -35 1.1705
110 -35 0.6561
115 -35 0.7969
120 -35 1.4946
125 -35 1.4346
130 -35 0.9333
135 -35 0.3722
140 -35 0.4119
145 -35 0.5745
150 -35 1.3648
155 -35 1.0935
160 -35 0.6747
165 -35 1.9699
170 -35 2.6562
10 -30 0.0805
15 -30 0.1716
20 -30 0.0088
25 -30 0.0018
30 -30 0.0405
35 -30 3.7789
40 -30 7.2642
45 -30 4.0860
50 -30 3.5874
55 -30 3.5753
60 -30 3.8277
65 -30 3.3586
70 -30 3.2337
75 -30 4.3199
80 -30 2.0776
85 -30 2.3878
90 -30 2.0879
95 -30 0.8465
100 -30 1.4104
105 -30 2.3800
110 -30 2.2446
115 -30 1.5118
120 -30 0.9307
125 -30 0.1424
130 -30 0.0357
135 -30 0.3723
140 -30 0.4949
145 -30 0.6932
150 -30 0.6472
155 -30 0.8150
160 -30 1.1951
165 -30 2.0144
170 -30 2.0614
10 -25 0.1639
15 -25 0.1117
20 -25 0.0770
25 -25 0.0084
30 -25 0.0082
35 -25 0.5179
40 -25 7.2417
45 -25 6.8291
50 -25 2.7304
55 -25 2.3123
60 -25 3.4675
65 -25 1.1830
70 -25 2.5582
75 -25 2.7461
80 -25 3.4050
85 -25 1.4718
90 -25 1.3051
95 -25 0.9079
100 -25 1.4306
105 -25 2.3259
110 -25 2.6115
115 -25 2.2039
120 -25 2.3091
125 -25 1.0446
130 -25 0.1516
135 -25 0.0354
140 -25 0.2840
145 -25 0.5765
150 -25 0.1639
155 -25 0.6376
160 -25 1.2640
165 -25 1.7156
170 -25 2.6594
10 -20 0.0724
15 -20 0.2685
20 -20 0.1871
25 -20 0.6004
30 -20 0.0484
35 -20 0.0199
40 -20 0.1761
45 -20 12.5082
50 -20 10.1707
55 -20 1.8032
60 -20 1.1070
65 -20 1.2008
70 -20 4.3555
75 -20 1.2499
80 -20 7.5082
85 -20 18.8761
90 -20 0.0205
95 -20 0.1686
100 -20 0.4148
105 -20 0.7638
110 -20 0.8315
115 -20 0.9378
120 -20 0.7913
125 -20 0.5746
130 -20 0.7593
135 -20 0.2177
140 -20 0.0550
145 -20 0.2701
150 -20 0.2522
155 -20 0.5646
160 -20 1.1823
165 -20 1.7293
170 -20 2.4415
10 -15 0.1311
15 -15 0.5375
20 -15 0.1265
25 -15 0.1938
30 -15 0.3665
35 -15 0.0489
40 -15 0.0046
45 -15 0.1043
50 -15 2.1516
55 -15 4.7081
60 -15 6.6644
65 -15 2.7257
70 -15 0.8587
75 -15 0.6477
80 -15 0.6958
85 -15 2.1616
90 -15 3.3458
95 -15 0.0062
100 -15 0.0209
105 -15 0.0369
110 -15 0.0865
115 -15 0.3845
120 -15 0.4580
125 -15 0.3792
130 -15 0.3486
135 -15 0.1871
140 -15 0.2278
145 -15 0.4948
150 -15 0.3808
155 -15 0.5933
160 -15 1.2723
165 -15 1.8520
170 -15 2.2697
10 -10 0.1710
15 -10 0.9739
20 -10 0.1909
25 -10 0.1921
30 -10 0.0847
35 -10 0.0639
40 -10 0.0044
45 -10 0.0103
50 -10 0.5630
55 -10 1.6565
60 -10 2.3359
65 -10 0.8297
70 -10 0.5005
75 -10 0.2896
80 -10 0.4261
85 -10 3.0648
90 -10 3.3626
95 -10 0.1275
100 -10 0.3107
105 -10 0.2416
110 -10 0.0941
115 -10 0.0789
120 -10 0.0311
125 -10 0.2796
130 -10 0.3309
135 -10 0.1586
140 -10 0.6059
145 -10 1.0117
150 -10 0.6201
155 -10 0.6703
160 -10 1.0802
165 -10 1.8443
170 -10 2.5776
10 -5 0.1403
15 -5 0.1647
20 -5 0.2940
25 -5 0.0656
30 -5 0.0744
35 -5 0.0256
40 -5 0.0152
45 -5 0.0009
50 -5 0.0031
55 -5 0.0051
60 -5 1.0808
65 -5 0.0981
70 -5 2.5476
75 -5 2.6133
80 -5 3.0043
85 -5 2.0149
90 -5 0.3545
95 -5 7.3007
100 -5 2.4408
105 -5 4.4364
110 -5 2.9836
115 -5 0.0870
120 -5 0.1577
125 -5 0.1593
130 -5 0.2297
135 -5 0.6324
140 -5 2.4109
145 -5 1.6526
150 -5 1.0684
155 -5 1.4891
160 -5 2.4164
165 -5 1.8146
170 -5 0.9252
10 0 0.1958
15 0 0.1479
20 0 0.1028
25 0 0.0534
30 0 0.0791
35 0 0.0142
40 0 0.0301
45 0 0.0014
50 0 0.0014
55 0 0.0057
60 0 0.0231
65 0 0.0885
70 0 0.3045
75 0 0.5562
80 0 7.3281
85 0 7.9204
90 0 6.0095
95 0 4.7127
100 0 5.7546
105 0 6.5664
110 0 9.7385
115 0 6.6151
120 0 0.8960
125 0 0.1006
130 0 0.0577
135 0 0.2215
140 0 4.2470
145 0 4.3296
150 0 1.5229
155 0 1.2982
160 0 1.5349
165 0 1.6820
170 0 1.9066
10 5 0.3661
15 5 0.2404
20 5 0.2145
25 5 0.0588
30 5 0.0559
35 5 0.0466
40 5 0.0317
45 5 0.0098
50 5 0.0032
55 5 0.0316
60 5 0.1932
65 5 1.2533
70 5 3.5559
75 5 6.5590
80 5 9.1824
85 5 9.2547
90 5 4.5185
95 5 7.2049
100 5 5.4928
105 5 7.5059
110 5 10.9264
115 5 10.2706
120 5 5.5533
125 5 6.8423
130 5 2.5636
135 5 2.6081
140 5 3.2859
145 5 2.1720
150 5 1.3076
155 5 0.9493
160 5 1.2803
165 5 1.2130
170 5 1.1385
10 10 0.6309
15 10 0.0478
20 10 0.2522
25 10 0.1395
30 10 0.0958
35 10 0.1279
40 10 0.0858
45 10 0.0402
50 10 0.0078
55 10 0.4014
60 10 5.7731
65 10 8.7844
70 10 7.4698
75 10 8.0184
80 10 10.2596
85 10 7.6224
90 10 10.3789
95 10 9.4026
100 10 7.8242
105 10 7.6588
110 10 10.1668
115 10 11.5966
120 10 5.6830
125 10 4.1077
130 10 3.0935
135 10 1.3125
140 10 1.5439
145 10 1.3584
150 10 0.9915
155 10 0.3406
160 10 0.8243
165 10 3.0597
170 10 0.7811
10 15 0.6558
15 15 0.7624
20 15 0.5272
25 15 0.2756
30 15 0.1649
35 15 0.1380
40 15 0.2167
45 15 0.1024
50 15 0.0102
55 15 0.1745
60 15 8.8124
65 15 10.9707
70 15 11.7505
75 15 13.5790
80 15 11.3550
85 15 11.8590
90 15 9.9762
95 15 7.4437
100 15 14.5008
105 15 9.3322
110 15 11.3456
115 15 7.6156
120 15 3.7723
125 15 2.1514
130 15 2.2433
135 15 1.8132
140 15 1.7112
145 15 1.2478
150 15 0.8615
155 15 0.5880
160 15 0.4037
165 15 0.7309
170 15 0.7327
10 20 0.5022
15 20 0.6674
20 20 0.6151
25 20 0.5093
30 20 0.3125
35 20 0.3429
40 20 0.2766
45 20 0.2234
50 20 0.0263
55 20 0.2528
60 20 3.3654
65 20 10.3735
70 20 12.0139
75 20 11.4852
80 20 17.1767
85 20 13.9456
90 20 10.7181
95 20 9.4990
100 20 8.3017
105 20 9.5793
110 20 8.9083
115 20 11.8693
120 20 4.5856
125 20 2.6917
130 20 2.3114
135 20 1.9419
140 20 1.6116
145 20 0.9437
150 20 0.7183
155 20 0.6648
160 20 0.6603
165 20 0.5752
170 20 0.1967
10 25 2.3073
15 25 0.8362
20 25 0.7122
25 25 0.5966
30 25 0.6952
35 25 0.7074
40 25 0.4987
45 25 0.2878
50 25 0.0567
55 25 0.3590
60 25 1.8520
65 25 7.3491
70 25 11.3655
75 25 11.4598
80 25 12.6350
85 25 12.6487
90 25 12.0415
95 25 7.7336
100 25 7.9273
105 25 4.7094
110 25 3.8196
115 25 6.0229
120 25 4.0834
125 25 1.7264
130 25 2.3516
135 25 1.5300
140 25 1.1681
145 25 0.9705
150 25 0.8243
155 25 3.2562
160 25 0.7620
165 25 0.9036
170 25 1.1997
10 30 3.4639
15 30 2.4503
20 30 1.2480
25 30 1.4665
30 30 1.8820
35 30 1.3426
40 30 0.4165
45 30 0.3151
50 30 0.1032
55 30 0.5567
60 30 1.4102
65 30 5.2956
70 30 10.7638
75 30 11.2215
80 30 15.8423
85 30 10.9507
90 30 11.5075
95 30 15.7789
100 30 9.6117
105 30 6.9823
110 30 3.0284
115 30 0.0191
120 30 0.1537
125 30 1.0023
130 30 1.1381
135 30 1.1139
140 30 0.3827
145 30 0.9566
150 30 0.7978
155 30 0.1102
160 30 0.9820
165 30 1.0655
170 30 1.1681
10 35 1.7590
15 35 4.0536
20 35 3.0031
25 35 0.9483
30 35 3.0542
35 35 2.4814
40 35 1.4201
45 35 0.7625
50 35 3.8160
55 35 0.3445
60 35 1.5143
65 35 4.0320
70 35 4.8519
75 35 8.6619
80 35 7.2564
85 35 7.8388
90 35 8.5747
95 35 6.3714
100 35 4.4545
105 35 1.1842
110 35 0.6023
115 35 0.0081
120 35 0.0131
125 35 0.5735
130 35 0.5369
135 35 0.6612
140 35 2.0699
145 35 0.8065
150 35 0.9425
155 35 0.9208
160 35 0.9591
165 35 1.0553
170 35 1.3650
10 40 8.4657
15 40 3.6024
20 40 2.8104
25 40 4.8155
30 40 3.4641
35 40 4.3743
40 40 2.9179
45 40 2.1033
50 40 1.3024
55 40 2.4802
60 40 4.3992
65 40 7.3989
70 40 2.4012
75 40 5.7592
80 40 5.0933
85 40 4.4152
90 40 3.3754
95 40 2.1234
100 40 2.6893
105 40 2.4055
110 40 1.4402
115 40 0.0492
120 40 0.0402
125 40 0.1809
130 40 0.4400
135 40 0.7053
140 40 0.8185
145 40 1.0275
150 40 1.0343
155 40 0.9308
160 40 1.2035
165 40 0.7178
170 40 1.5668
10 45 9.6618
15 45 4.7198
20 45 2.0480
25 45 6.1179
30 45 5.1552
35 45 5.3386
40 45 1.8368
45 45 3.0066
50 45 2.9200
55 45 4.4936
60 45 4.9256
65 45 4.5398
70 45 3.1658
75 45 4.8939
80 45 4.0543
85 45 2.9058
90 45 1.6009
95 45 1.5732
100 45 1.3315
105 45 1.4752
110 45 3.7695
115 45 2.2888
120 45 3.0515
125 45 2.8983
130 45 0.2749
135 45 0.5010
140 45 0.8943
145 45 1.1003
150 45 0.8612
155 45 1.0068
160 45 0.5866
165 45 0.8935
170 45 1.2302
10 50 1.8086
15 50 4.4695
20 50 6.2163
25 50 6.2794
30 50 4.9903
35 50 6.5215
40 50 6.5397
45 50 5.7992
50 50 5.3411
55 50 5.3866
60 50 7.7040
65 50 6.4550
70 50 6.9602
75 50 5.8908
80 50 3.0265
85 50 6.1026
90 50 6.2325
95 50 4.5828
100 50 5.3315
105 50 4.3090
110 50 4.2094
115 50 3.4802
120 50 1.1890
125 50 4.6456
130 50 3.2046
135 50 0.5770
140 50 0.3588
145 50 0.2004
150 50 0.5551
155 50 1.1139
160 50 1.3301
165 50 1.5098
170 50 1.3028
10 55 1.8517
15 55 3.7055
20 55 14.1007
25 55 9.5831
30 55 7.0134
35 55 7.0264
40 55 7.2954
45 55 7.0891
50 55 8.4301
55 55 11.0346
60 55 12.3471
65 55 11.5415
70 55 16.9335
75 55 15.1400
80 55 12.6006
85 55 10.8834
90 55 7.0159
95 55 9.3478
100 55 8.8269
105 55 6.4442
110 55 7.5997
115 55 7.0780
120 55 5.5907
125 55 1.5230
130 55 3.2533
135 55 4.3235
140 55 2.1099
145 55 1.3074
150 55 1.3968
155 55 1.2011
160 55 1.4892
165 55 2.2244
170 55 2.2314
10 60 1.8221
15 60 7.9701
20 60 5.7581
25 60 7.9743
30 60 8.1921
35 60 6.3183
40 60 5.7909
45 60 8.5197
50 60 9.8171
55 60 12.0893
60 60 15.2829
65 60 15.1654
70 60 14.8373
75 60 12.6056
80 60 11.5513
85 60 14.3458
90 60 14.3952
95 60 2.8920
100 60 10.3167
105 60 9.3266
110 60 9.5286
115 60 6.0206
120 60 5.8535
125 60 11.4081
130 60 4.0958
135 60 3.6998
140 60 3.9025
145 60 1.4551
150 60 1.7615
155 60 1.0184
160 60 1.9675
165 60 1.7336
170 60 1.1035
10 65 2.4367
15 65 7.9677
20 65 11.7885
25 65 9.1114
30 65 8.2627
35 65 9.7503
40 65 8.6845
45 65 8.5083
50 65 9.0752
55 65 12.9809
60 65 12.9980
65 65 13.6104
70 65 13.8147
75 65 14.3404
80 65 13.8533
85 65 14.0004
90 65 13.2193
95 65 13.2794
100 65 13.7136
105 65 11.4478
110 65 14.2655
115 65 17.7128
120 65 10.6070
125 65 11.5865
130 65 4.4920
135 65 3.1148
140 65 2.8554
145 65 1.9043
150 65 1.5095
155 65 1.2194
160 65 1.6235
165 65 1.4673
170 65 0.7703
10 70 8.5275
15 70 7.9664
20 70 9.4983
25 70 10.0960
30 70 9.8261
35 70 9.3449
40 70 10.1415
45 70 8.6003
50 70 9.4057
55 70 9.7141
60 70 9.9514
65 70 12.0670
70 70 13.3827
75 70 14.2544
80 70 13.6095
85 70 13.6274
90 70 13.7288
95 70 14.4262
100 70 13.9128
105 70 16.5979
110 70 15.4801
115 70 12.9108
120 70 13.0483
125 70 11.7904
130 70 8.5904
135 70 1.8528
140 70 2.6300
145 70 2.0891
150 70 1.8138
155 70 1.4213
160 70 1.1769
165 70 1.4679
170 70 0.7866
10 75 2.0293
15 75 6.6025
20 75 12.0660
25 75 13.3514
30 75 11.3784
35 75 9.9532
40 75 5.1299
45 75 9.1385
50 75 9.2828
55 75 9.2945
60 75 11.5271
65 75 11.1425
70 75 13.3443
75 75 12.5936
80 75 12.6356
85 75 14.3991
90 75 5.2550
95 75 16.1540
100 75 17.0706
105 75 16.1973
110 75 14.9231
115 75 12.3496
120 75 10.4921
125 75 10.9174
130 75 12.4921
135 75 4.0884
140 75 2.5623
145 75 2.3466
150 75 1.9939
155 75 1.7281
160 75 1.4280
165 75 1.4614
170 75 1.8997
10 80 2.0215
15 80 3.5738
20 80 7.7763
25 80 10.9577
30 80 12.3246
35 80 11.2855
40 80 10.8782
45 80 9.6743
50 80 9.5977
55 80 11.2876
60 80 10.2338
65 80 12.0562
70 80 13.3430
75 80 13.1320
80 80 14.5466
85 80 14.4922
90 80 14.4777
95 80 12.4439
100 80 9.4671
105 80 13.2599
110 80 12.6024
115 80 9.7820
120 80 9.9348
125 80 10.7817
130 80 9.4067
135 80 7.9402
140 80 4.3292
145 80 2.2589
150 80 2.7748
155 80 1.6839
160 80 1.7786
165 80 1.6235
170 80 1.8692
10 85 3.0602
15 85 2.2063
20 85 2.9640
25 85 4.0216
30 85 6.3927
35 85 5.2637
40 85 6.8808
45 85 8.9081
50 85 13.0102
55 85 12.0330
60 85 13.3923
65 85 12.5987
70 85 13.0042
75 85 11.8401
80 85 12.7250
85 85 12.1663
90 85 8.5049
95 85 9.4034
100 85 12.3168
105 85 11.7007
110 85 11.9909
115 85 11.9846
120 85 9.0251
125 85 8.8080
130 85 9.0495
135 85 6.6511
140 85 5.0026
145 85 3.1732
150 85 2.7598
155 85 0.8831
160 85 1.6534
165 85 1.7893
170 85 2.1826
10 90 3.7194
15 90 2.0299
20 90 2.6581
25 90 3.3639
30 90 5.9551
35 90 9.4889
40 90 6.1661
45 90 7.7231
50 90 10.0541
55 90 10.0077
60 90 8.3675
65 90 5.6546
70 90 4.8764
75 90 4.4157
80 90 12.3701
85 90 8.4485
90 90 3.5436
95 90 7.8731
100 90 10.0162
105 90 10.1165
110 90 12.2703
115 90 10.7724
120 90 13.0612
125 90 8.3689
130 90 8.7463
135 90 8.7180
140 90 7.8863
145 90 3.4615
150 90 1.0846
155 90 2.2571
160 90 2.5408
165 90 0.6914
170 90 2.4418
10 95 1.1600
15 95 1.6527
20 95 1.5143
25 95 1.2542
30 95 2.2902
35 95 1.2432
40 95 0.7364
45 95 0.3684
50 95 0.6628
55 95 3.4368
60 95 2.7566
65 95 2.5084
70 95 2.7151
75 95 2.0937
80 95 1.3720
85 95 1.0296
90 95 0.7275
95 95 0.3787
100 95 0.2758
105 95 0.3090
110 95 1.1644
115 95 4.4849
120 95 6.0299
125 95 9.1901
130 95 10.8314
135 95 5.3095
140 95 8.8687
145 95 4.9087
150 95 4.0447
155 95 2.6410
160 95 2.0430
165 95 2.3694
170 95 2.8973
10 100 0.2049
15 100 0.2645
20 100 0.3894
25 100 0.0281
30 100 0.1117
35 100 0.0311
40 100 0.0294
45 100 0.0110
50 100 0.0699
55 100 0.0058
60 100 0.0335
65 100 0.1533
70 100 1.5048
75 100 1.8937
80 100 1.0244
85 100 0.5025
90 100 0.1677
95 100 0.0359
100 100 0.0050
105 100 0.0048
110 100 0.0073
115 100 0.0177
120 100 0.0242
125 100 0.2645
130 100 11.8921
135 100 9.5729
140 100 1.2914
145 100 3.8084
150 100 4.7315
155 100 3.5289
160 100 3.7018
165 100 2.7159
170 100 2.3346
10 105 0.0344
15 105 0.0603
20 105 0.0665
25 105 0.0128
30 105 0.0330
35 105 0.0722
40 105 0.0536
45 105 0.1692
50 105 0.2035
55 105 0.3049
60 105 0.5921
65 105 0.8029
70 105 0.7671
75 105 0.5801
80 105 0.6448
85 105 0.3755
90 105 0.1039
95 105 0.4673
100 105 0.0955
105 105 0.0867
110 105 0.0299
115 105 0.2958
120 105 0.0393
125 105 0.0413
130 105 7.9211
135 105 8.7556
140 105 6.9456
145 105 3.5372
150 105 3.5839
155 105 3.6278
160 105 4.2842
165 105 4.8060
170 105 3.1074
10 110 0.0602
15 110 0.0236
20 110 0.0341
25 110 0.1052
30 110 0.1082
35 110 0.1982
40 110 0.3129
45 110 0.4953
50 110 0.4820
55 110 0.7193
60 110 1.2832
65 110 1.8528
70 110 0.0601
75 110 1.7961
80 110 1.2626
85 110 1.4699
90 110 0.9863
95 110 0.9518
100 110 0.5765
105 110 0.8251
110 110 0.4074
115 110 0.3104
120 110 10.7775
125 110 3.9445
130 110 7.8065
135 110 7.5304
140 110 4.6586
145 110 2.8298
150 110 5.6282
155 110 3.3183
160 110 7.9381
165 110 5.0365
170 110 6.0518
10 115 0.3905
15 115 0.0385
20 115 0.1069
25 115 0.2486
30 115 0.5081
35 115 0.7031
40 115 0.9949
45 115 0.7748
50 115 0.9467
55 115 0.9390
60 115 1.1320
65 115 1.3366
70 115 1.1507
75 115 1.7392
80 115 3.6188
85 115 2.3704
90 115 2.8743
95 115 1.5539
100 115 1.0275
105 115 0.7122
110 115 0.4893
115 115 0.4808
120 115 2.7727
125 115 3.9151
130 115 3.1671
135 115 4.5055
140 115 4.2719
145 115 2.8513
150 115 5.0746
155 115 5.8722
160 115 6.0802
165 115 4.5521
170 115 6.0387
10 120 0.0103
15 120 0.1469
20 120 0.4149
25 120 1.0689
30 120 1.4471
35 120 1.3554
40 120 1.1494
45 120 1.1613
50 120 0.9903
55 120 0.7031
60 120 0.3270
65 120 0.3680
70 120 0.5150
75 120 2.4950
80 120 6.1754
85 120 8.6217
90 120 7.6498
95 120 4.4727
100 120 1.2619
105 120 0.6217
110 120 0.7157
115 120 1.0377
120 120 1.3077
125 120 2.2236
130 120 3.5785
135 120 3.9154
140 120 3.6589
145 120 0.5531
150 120 3.7115
155 120 6.5727
160 120 9.1738
165 120 3.6990
170 120 5.5590
10 125 0.1508
15 125 0.6073
20 125 0.7952
25 125 0.8856
30 125 0.8983
35 125 1.9896
40 125 1.4632
45 125 1.6555
50 125 1.1372
55 125 0.9225
60 125 0.5949
65 125 0.2547
70 125 0.0952
75 125 0.0622
80 125 0.1955
85 125 0.4151
90 125 1.8345
95 125 1.0129
100 125 0.9448
105 125 0.7339
110 125 0.6388
115 125 0.8116
120 125 2.3164
125 125 2.9111
130 125 5.8626
135 125 4.3097
140 125 2.6829
145 125 2.7622
150 125 3.8400
155 125 6.7270
160 125 6.0756
165 125 3.4423
170 125 4.3218
10 130 0.0617
15 130 0.7513
20 130 0.0980
25 130 0.8978
30 130 1.7382
35 130 2.3745
40 130 1.9344
45 130 1.8580
50 130 0.6924
55 130 0.6001
60 130 0.6538
65 130 1.6681
70 130 2.4121
75 130 3.3366
80 130 2.4710
85 130 2.1744
90 130 2.3488
95 130 3.2515
100 130 10.2320
105 130 6.3897
110 130 2.6021
115 130 3.2579
120 130 3.7710
125 130 3.9211
130 130 0.1917
135 130 4.0869
140 130 3.8953
145 130 3.4213
150 130 2.2181
155 130 6.9253
160 130 6.3352
165 130 5.2914
170 130 4.8827
10 135 0.7324
15 135 0.5779
20 135 1.2195
25 135 1.3325
30 135 2.2659
35 135 3.1264
40 135 1.8645
45 135 1.3499
50 135 1.5840
55 135 3.4724
60 135 2.6893
65 135 2.9077
70 135 2.8716
75 135 2.9485
80 135 3.1459
85 135 2.1231
90 135 2.8870
95 135 2.8899
100 135 2.5247
105 135 3.4723
110 135 5.9007
115 135 6.0563
120 135 4.6757
125 135 1.3259
130 135 3.7673
135 135 3.1791
140 135 2.5853
145 135 2.9719
150 135 1.8966
155 135 5.4400
160 135 5.9002
165 135 5.8647
170 135 3.8181
10 140 0.7291
15 140 1.6322
20 140 1.5106
25 140 1.5566
30 140 1.9393
35 140 2.6321
40 140 1.6090
45 140 0.8938
50 140 3.6606
55 140 3.5788
60 140 5.2534
65 140 2.0236
70 140 4.6956
75 140 5.4190
80 140 5.2508
85 140 6.2944
90 140 8.5506
95 140 5.6155
100 140 5.3009
105 140 4.9229
110 140 5.6139
115 140 4.8441
120 140 3.7371
125 140 4.1465
130 140 3.3373
135 140 2.7439
140 140 2.6700
145 140 2.4350
150 140 1.5438
155 140 4.0050
160 140 4.6259
165 140 5.0814
170 140 4.1713
10 145 0.9550
15 145 1.3282
20 145 1.5054
25 145 1.4093
30 145 1.6240
35 145 0.6090
40 145 1.2403
45 145 1.5232
50 145 2.7713
55 145 5.5689
60 145 7.4853
65 145 5.7770
70 145 7.2926
75 145 10.5456
80 145 7.7125
85 145 7.8557
90 145 7.7074
95 145 6.0999
100 145 6.3963
105 145 5.4547
110 145 4.7087
115 145 5.4631
120 145 4.9887
125 145 3.4002
130 145 2.7455
135 145 5.1186
140 145 1.3682
145 145 1.8104
150 145 2.1451
155 145 1.9801
160 145 1.7782
165 145 3.7641
170 145 2.4932
10 150 1.2031
15 150 0.9090
20 150 1.5363
25 150 1.3628
30 150 1.6685
35 150 1.5938
40 150 1.3420
45 150 0.6796
50 150 2.0473
55 150 5.2826
60 150 4.6069
65 150 8.6034
70 150 4.8183
75 150 6.8848
80 150 8.8687
85 150 8.9891
90 150 10.0123
95 150 7.4099
100 150 3.3669
105 150 4.1174
110 150 4.1392
115 150 3.7301
120 150 4.5061
125 150 3.6613
130 150 2.7907
135 150 0.4183
140 150 1.2779
145 150 1.5944
150 150 1.1358
155 150 1.6040
160 150 2.3035
165 150 3.8031
170 150 4.0950
10 155 1.0404
15 155 1.5865
20 155 1.2271
25 155 1.6465
30 155 1.4139
35 155 1.0380
40 155 1.0046
45 155 1.1291
50 155 9.9696
55 155 1.1862
60 155 1.0322
65 155 1.2971
70 155 1.7182
75 155 2.5856
80 155 3.1593
85 155 7.0254
90 155 3.1962
95 155 6.8981
100 155 6.3851
105 155 6.3492
110 155 4.1018
115 155 3.2462
120 155 2.6524
125 155 2.3213
130 155 1.1106
135 155 1.7455
140 155 1.2220
145 155 0.6191
150 155 1.0933
155 155 1.2704
160 155 2.0297
165 155 2.4105
170 155 3.6286
10 160 1.1666
15 160 1.3871
20 160 1.5154
25 160 1.4369
30 160 1.4794
35 160 1.1649
40 160 0.7140
45 160 0.8091
50 160 0.2924
55 160 0.5558
60 160 1.1656
65 160 1.1699
70 160 1.2470
75 160 1.0977
80 160 0.5741
85 160 1.5788
90 160 2.3278
95 160 3.0767
100 160 2.8279
105 160 2.5150
110 160 3.7565
115 160 3.2872
120 160 2.8035
125 160 2.0057
130 160 2.1156
135 160 1.5764
140 160 0.6793
145 160 0.1852
150 160 0.5308
155 160 1.2211
160 160 1.8911
165 160 1.6072
170 160 1.9606
10 165 1.4907
15 165 1.5909
20 165 1.6698
25 165 1.4003
30 165 1.3146
35 165 1.0445
40 165 0.6159
45 165 0.2961
50 165 0.1928
55 165 0.8681
60 165 0.7495
65 165 0.5511
70 165 0.6556
75 165 0.9542
80 165 4.1593
85 165 1.2530
90 165 0.8086
95 165 2.1439
100 165 2.0547
105 165 2.2832
110 165 1.5563
115 165 2.2159
120 165 2.6273
125 165 2.9478
130 165 1.4241
135 165 0.7797
140 165 0.3938
145 165 0.3422
150 165 0.4529
155 165 1.0836
160 165 1.6307
165 165 1.8899
170 165 1.6093
10 170 1.1035
15 170 1.5394
20 170 1.4612
25 170 1.4535
30 170 1.3936
35 170 1.2137
40 170 1.1634
45 170 0.0479
50 170 0.0903
55 170 0.0494
60 170 0.0291
65 170 0.2799
70 170 0.7269
75 170 1.0123
80 170 1.0351
85 170 0.8456
90 170 0.7597
95 170 1.1063
100 170 1.4202
105 170 1.8788
110 170 1.6365
115 170 3.7313
120 170 3.9720
125 170 3.9160
130 170 2.1277
135 170 0.6521
140 170 0.0269
145 170 0.1217
150 170 0.7022
155 170 1.6239
160 170 1.6616
165 170 1.7831
170 170 1.3991
10 175 1.1387
15 175 0.9550
20 175 1.0524
25 175 1.1548
30 175 1.4476
35 175 0.4873
40 175 0.0201
45 175 0.0085
50 175 0.0009
55 175 0.0022
60 175 0.0812
65 175 0.0933
70 175 0.2406
75 175 0.1768
80 175 0.9169
85 175 2.5087
90 175 1.9147
95 175 1.3519
100 175 3.4610
105 175 4.2338
110 175 7.0367
115 175 6.1012
120 175 2.2558
125 175 5.1239
130 175 4.6026
135 175 0.0772
140 175 0.0117
145 175 0.1419
150 175 1.0111
155 175 1.7690
160 175 2.2905
165 175 2.2523
170 175 1.7873
